-0.0283803
0.0177671
-0.0159746
0.0448128
-0.031815
0.00986499
-0.00738005
0.0422898
-0.0200213
-0.0127564
0.00124913
-0.0522515
-0.0242744
0.0190253
-0.0205053
0.0122172
-0.0214725
-0.0236276
-0.0299996
0.0184877
0.0186265
0.0269641
0.0179173
-0.0339782
0.0810344
0.0332103
-0.0224236
0.109084
-0.0085139
0.0465968
0.0227779
-0.00626361
0.0447543
0.0293085
-0.00951214
0.0389887
0.135814
0.104777
0.0459478
0.008487
-0.0283242
-0.0302531
0.0655409
-6.14716e-06
-0.011168
-0.0186749
0.00169142
-0.0298475
0.186599
0.0203457
-0.0199586
-0.00101843
0.0111974
0.0137472
0.00595732
0.00331274
-0.0105838
-0.0418444
0.0541047
0.042023
-0.0406446
0.0336171
0.0118048
0.0160796
-0.0374475
-0.0168888
0.0148296
-0.0345764
-0.0259531
-0.0384214
-0.0155247
0.126327
0.0426795
-0.000826063
0.00418881
-0.00894657
0.132137
0.00923626
-0.00940893
0.0593294
0.0132855
-0.0150163
-0.00436281
-0.0154286
-0.0190083
0.00131605
0.0169551
0.0148353
-0.00445892
-0.0307609
-0.0189706
0.0239096
0.0116231
0.0424829
-0.00187324
0.0319319
0.0635456
0.00501751
0.0680294
-0.00791436
0.0401549
-0.0307461
0.0051246
-0.00912821
0.062677
-0.0356994
-0.00329251
0.0647679
-0.0343782
-0.0335351
0.0645851
0.0370963
0.00962441
0.00562755
0.0599205
0.0570386
0.0560474
0.0390701
4.82142e-05
0.00526974
0.0379975
-0.00462117
-0.0283214
-0.0132589
-0.0140688
0.0195182
0.00555447
-0.0286788
-0.0230337
0.0882183
0.0675208
-0.0149976
0.208819
0.0287735
-0.0225296
-0.0096014
-0.0295693
0.00916326
0.0496591
0.00832907
-0.0257943
-0.024587
0.0328454
-0.00622597
-0.000307845
-0.0493404
-0.00648435
-0.0341777
0.0014501
-0.00671525
0.0818023
-0.0171837
0.0360289
-0.0239676
0.0556907
0.0103947
0.0401274
-0.0199619
0.0119557
0.074893
0.0307682
0.0571665
0.0135718
-0.0194229
-0.0460995
-0.0208227
-0.00636447
-0.0334012
-0.0353804
0.11785
0.018522
