-42.7575
-96.0461
-28.0433
-23.6265
-407.211
-5.35266
-206.248
-14.656
-7.01781
-5.24828
-33.172
-60.9149
-49.2002
-232.862
-10.1638
-25.776
-52.0403
-175.682
-21.8217
-12.3111
-19.8667
-1385.79
-6.46891
2.73395
-27.4558
-280.666
1.853
-15.8869
-154.906
-20.145
-115.267
-4.30873
-518.647
-48.1741
-41.3935
-23.4685
-6.73225
-34.6218
-89.3145
-110.872
3.17944
-26.5236
-169.957
-47.3327
1.74631
-25.8379
-149.041
-82.0668
-117.22
3.02411
2.72573
1.48546
-19.8048
-34.597
-106.642
-55.8313
-2.11076
-63.1593
-1220.91
-23.2482
-8.71211
-10.9449
-38.6002
-58.1325
-6.72809
-153.035
-127.205
-128.283
0.280734
-1.31147
-130.095
-385.405
1.67114
-25.9644
-291.199
-78.8723
-83.8914
-11.4538
-120.374
-168.841
-6.13429
-44.522
-327.057
-13.2322
-80.9166
-17.0521
-710.418
-90.9994
-79.7766
-22.7321
-489.557
-122.555
-51.8952
-242.128
-32.2303
-30.1819
-47.3893
-40.2805
-1411.08
-55.2208
-210.698
2.63002
-58.6217
-0.889553
-28.9304
-6.04532
-98.1446
-581.204
-30797.8
-3.07194
-48.5185
-22.6676
1.85946
-60.9493
-111.008
-60.4591
-83.7972
-4.43614
-66.0419
-15.9773
-16.0223
-14.1048
2.27034
-16.8918
-4.36075
-94.454
-46.6176
-171.82
-516.958
-14.9808
-78.3753
-302.076
-12.1948
-19.6901
-192.365
-93.5892
2.39442
-30.8248
-14.8406
-3.657
-10.5777
-11.4527
-123.971
-8.09582
-147.174
-6.22506
-345.064
-367.871
-18.6906
-58.1779
-7.2237
-6.00447
-103.031
-8.58212
-106.506
-92.617
-54.8537
-13.2028
-46.5798
-56.3663
-92.8666
-366.611
-13.3461
-32.9275
2.26856
2.36644
0.837893
-41.4542
0.159868
-66.0539
-132.191
