106 109 98 108 101 111 97 108 90 111 108 103 107 107 93 110 115 91 114 110 110 101 94 108 102 110 107 113 98 101 108 57 103 114 91 109 83 102 108 103 111 97 111 101 114 112 109 92 112 114 98 111 110 111 87 113 112 66 105 111 107 111 102 103 98 111 101 113 99 110 109 111 104 109 115 109 114 111 113 102 97 111 94 108 112 114 107 102 100 73 111 111 113 110 93 78 114 115 113 99 113 102 104 114 112 104 114 115 113 110 89 84 97 114 112 104
91 90 77 92 62 84 71 65 81 84 90 79 92 88 69 101 94 77 88 95 85 85 96 90 95 88 81 91 88 87 80 84 79 94 92 103 73 95 107 66 78 91 97 84 78 96 95 59 99 86 91 94 107 97 60 100 77 76 91 87 68 74 70 77 66 72 64 106 69 95 89 79 75 100 105 101 99 90 101 104 88 101 86 82 84 98 100 97 66 86 59 94 86 107 101 101 110 83 76 81 84 36 76 96 104 70 97 96 105 110 45 104 91 108 86 76
111 98 96 103 101 64 88 105 91 106 107 87 98 79 94 110 111 61 110 79 90 106 109 111 108 102 105 107 108 110 106 98 91 112 89 114 99 108 109 92 104 103 96 74 98 109 109 84 111 112 105 107 100 96 74 111 110 65 111 105 85 99 84 101 94 103 99 104 85 105 92 88 104 105 102 107 111 97 109 111 112 112 107 106 100 110 107 100 94 98 98 112 105 87 110 108 110 101 109 101 101 64 96 112 113 82 94 112 104 109 31 93 69 112 102 89
108 106 109 107 102 100 102 107 106 108 104 106 109 91 109 106 108 94 110 109 110 112 109 110 111 113 112 111 108 112 103 105 101 108 112 106 106 107 106 102 107 106 104 93 110 113 114 66 106 111 112 113 83 47 54 112 110 36 108 110 101 109 110 103 106 107 107 109 48 109 106 91 107 112 109 108 108 93 108 110 112 112 111 109 104 110 108 111 106 105 109 108 113 105 106 107 109 110 109 101 111 105 112 113 112 103 111 113 112 113 12 92 94 112 108 65
111 112 111 111 104 104 109 115 108 111 114 115 104 91 105 114 111 102 114 112 107 115 115 114 113 112 113 115 100 109 112 101 113 110 102 104 103 85 108 109 110 110 114 110 112 108 95 109 114 113 110 113 113 108 113 115 106 111 111 115 98 114 104 109 112 114 105 113 113 113 102 77 103 113 114 95 112 111 113 115 115 115 113 112 110 115 105 113 112 103 114 113 113 61 99 79 112 96 110 113 115 102 114 107 98 96 115 113 110 111 110 99 112 112 114 113
113 109 111 112 108 113 106 109 109 113 109 62 98 94 113 111 112 106 114 112 110 112 112 111 109 112 111 113 112 113 112 109 78 113 106 115 111 110 113 112 112 114 113 97 112 113 110 25 113 110 106 112 112 104 114 115 112 111 106 108 108 110 107 109 107 112 106 113 112 97 111 108 110 111 113 104 113 111 109 113 111 112 110 104 102 107 109 110 106 108 112 113 113 113 110 114 114 113 112 113 112 112 113 114 111 113 111 113 114 115 51 113 115 111 100 77
104 107 109 98 106 90 97 104 97 98 100 89 94 99 106 107 104 88 82 100 102 113 111 110 107 106 109 110 107 102 102 97 99 105 107 105 106 99 107 82 109 111 107 97 102 112 103 84 110 111 79 108 86 63 48 113 108 70 106 104 111 104 94 99 108 108 105 104 80 107 98 73 105 114 112 86 91 49 90 110 107 113 100 102 102 108 106 107 89 102 93 112 110 87 104 101 110 104 100 102 112 63 111 103 106 97 108 113 103 107 34 65 86 106 110 65
111 111 108 109 108 112 108 111 104 103 113 104 74 108 106 109 89 83 108 110 106 106 97 108 101 107 108 110 107 109 108 95 101 110 111 109 105 99 110 103 105 107 111 105 107 109 111 102 109 110 109 107 99 47 108 111 111 38 111 113 108 108 100 106 109 107 97 102 90 109 94 106 97 96 106 97 110 113 105 106 102 110 99 105 80 108 108 106 103 100 101 103 111 102 110 107 112 104 107 99 109 99 111 111 112 112 113 110 104 106 29 20 110 112 109 47
114 114 104 115 112 113 113 113 114 113 113 112 109 111 114 114 114 107 111 113 110 112 113 115 113 115 115 114 114 115 113 112 96 114 114 113 114 113 114 114 114 115 112 112 114 115 115 113 115 115 114 115 114 81 113 114 109 110 115 114 105 115 104 114 114 114 113 113 114 114 114 96 115 113 114 114 110 109 108 111 112 114 111 111 115 114 114 114 115 114 115 114 114 113 114 114 115 113 114 114 114 111 115 115 114 110 115 115 115 114 71 114 115 115 113 111
113 111 93 112 83 110 111 108 109 109 90 99 104 84 104 114 112 112 109 110 98 110 102 105 97 111 110 108 113 104 101 101 109 108 110 114 107 111 109 106 109 112 112 106 111 114 99 39 115 114 112 114 108 101 106 115 112 66 113 105 103 113 109 109 110 109 107 114 112 110 109 83 106 109 114 113 113 99 112 111 109 115 104 107 110 107 113 108 107 112 108 110 111 111 112 109 114 110 112 99 102 101 111 114 113 108 111 114 115 115 67 108 112 115 109 66
112 93 104 79 86 107 77 89 112 94 93 103 97 91 49 80 81 92 108 109 81 82 96 103 96 99 105 100 110 102 104 109 100 105 103 111 67 73 103 106 63 33 102 79 100 113 108 84 108 111 109 108 103 86 82 111 106 81 102 108 104 112 110 103 95 109 99 100 88 111 102 86 85 94 94 103 112 106 108 100 99 108 98 100 96 99 100 101 106 108 109 107 110 103 105 107 101 108 73 83 105 90 100 113 106 94 102 113 105 104 81 57 98 112 100 94
109 86 85 97 87 84 76 102 92 111 94 78 102 89 108 99 111 90 113 111 105 114 92 113 109 92 113 114 85 103 102 106 78 113 95 89 104 103 99 90 100 113 98 92 89 115 114 83 114 113 90 102 78 86 112 115 105 89 96 108 109 108 105 98 106 102 88 113 82 107 102 107 94 105 112 112 115 106 103 110 110 115 111 101 98 114 99 101 98 94 103 111 113 73 104 101 115 90 99 101 113 79 112 114 103 105 110 113 101 90 60 79 113 112 96 112
110 108 66 91 50 96 99 101 96 107 86 106 96 96 96 101 78 90 113 109 103 93 81 103 89 100 110 114 95 102 83 59 98 105 105 99 92 110 104 101 103 108 104 101 112 114 111 111 109 115 102 112 115 95 96 114 84 101 114 108 111 112 98 114 106 105 84 111 93 108 107 99 98 103 113 106 108 103 106 93 101 100 78 97 102 108 112 110 91 87 111 110 112 91 103 95 106 99 101 108 106 101 112 115 107 103 114 115 76 102 112 110 111 102 99 109
109 98 91 93 90 89 95 89 79 102 103 98 97 88 102 101 98 99 104 97 93 91 89 102 97 103 104 107 69 96 93 63 97 101 76 102 104 104 113 61 74 109 106 94 105 106 83 47 102 108 104 108 88 87 77 110 100 58 99 99 77 97 77 80 74 84 63 110 43 99 86 53 106 103 107 104 103 97 106 92 92 107 92 97 106 90 82 88 92 81 71 107 106 94 109 88 109 104 91 99 107 56 91 101 97 92 104 112 104 100 71 97 89 107 105 64
114 106 108 110 106 106 95 104 108 114 100 101 103 110 112 95 104 112 113 111 113 110 107 110 105 113 108 113 110 113 113 107 112 114 103 112 111 112 113 114 113 110 109 103 113 113 114 55 113 114 113 115 115 114 104 115 112 98 109 113 112 111 112 111 108 112 91 115 99 112 110 106 112 111 112 108 113 114 114 113 113 114 110 110 113 113 109 105 106 91 111 114 112 111 112 112 114 111 110 94 111 110 113 113 111 106 106 114 114 115 87 24 111 115 113 102
106 95 98 99 101 91 102 105 97 97 96 80 98 74 89 91 104 80 84 83 86 95 97 99 101 105 83 89 85 110 103 77 70 113 94 87 91 91 100 91 97 100 98 83 107 103 71 102 97 107 74 99 98 105 92 108 81 67 105 108 100 98 94 95 99 103 85 113 90 99 99 105 102 97 107 93 99 103 102 102 100 110 97 86 78 94 103 102 104 100 106 111 113 90 112 91 102 98 103 105 93 78 105 84 86 105 114 106 107 98 80 69 57 113 82 72
107 90 70 73 80 88 76 87 110 110 105 90 103 88 94 105 103 59 110 110 106 109 97 113 101 109 111 108 113 103 93 95 103 101 105 96 99 109 111 109 114 85 110 55 110 108 100 94 114 113 65 95 102 111 94 102 110 97 108 109 106 106 65 110 95 103 101 114 83 111 96 79 107 110 108 99 106 97 107 113 105 111 108 108 93 109 111 110 105 106 108 106 113 106 109 104 110 111 113 98 109 100 110 108 93 107 107 112 95 104 104 89 95 111 101 106
103 101 111 109 107 88 103 107 94 110 96 104 105 112 110 101 106 104 110 112 106 96 109 107 98 105 83 110 114 77 104 74 94 107 106 101 100 101 105 96 106 111 102 102 106 115 104 93 101 114 111 111 70 81 99 106 105 92 77 105 97 110 110 74 86 96 102 115 101 107 93 98 114 104 112 88 113 105 108 112 108 115 73 64 93 109 115 73 75 72 90 98 112 92 108 96 109 107 108 104 99 101 108 112 109 99 113 115 103 101 65 110 99 111 109 77
113 109 82 112 66 99 96 95 105 109 95 100 95 81 103 103 111 95 109 114 95 113 103 113 112 111 110 105 111 109 107 87 109 112 104 111 101 104 110 81 106 87 108 89 109 113 103 105 108 113 98 104 63 90 108 114 107 99 110 112 103 111 97 101 106 107 96 114 87 106 97 95 93 103 104 97 107 108 108 112 105 113 110 110 112 113 113 105 105 106 104 109 111 106 110 97 113 106 107 104 107 100 111 110 113 106 111 110 53 67 88 102 107 110 73 73
90 106 106 102 97 93 75 100 99 92 92 101 91 87 97 104 97 86 104 97 88 99 88 93 112 106 106 89 99 102 66 66 82 108 86 99 101 106 108 99 104 103 97 98 76 111 106 100 106 103 96 99 52 79 84 107 98 70 87 103 102 109 83 108 82 81 91 109 104 108 95 87 104 103 113 98 109 93 105 91 101 101 95 95 105 102 104 92 66 82 64 108 102 107 107 102 96 94 102 105 103 98 106 110 108 45 109 102 102 70 49 70 57 90 103 85
109 101 97 93 93 108 96 97 84 106 103 96 87 69 79 94 100 96 99 98 102 101 110 106 104 104 88 94 82 87 90 77 88 105 106 85 91 77 105 66 107 81 95 79 104 105 108 82 107 105 95 105 98 97 81 105 100 82 110 109 78 103 73 96 84 88 73 112 77 99 81 44 81 104 107 98 105 91 93 102 104 105 104 102 105 97 97 102 83 102 101 98 111 99 91 93 101 77 89 96 101 77 100 99 98 77 100 110 99 92 39 67 95 101 91 32
97 85 90 63 63 53 80 88 52 89 101 92 87 99 61 97 97 97 100 100 93 97 101 97 93 99 92 90 71 89 74 75 52 100 75 100 77 87 97 66 69 97 95 85 92 99 82 64 102 103 101 92 96 71 86 103 81 59 96 95 82 59 63 63 83 83 83 106 84 95 87 90 82 103 105 88 101 70 103 95 105 100 92 86 84 83 71 85 68 83 48 98 77 94 90 96 104 78 87 83 98 81 96 104 81 90 105 107 48 97 85 62 84 107 90 82
112 111 109 106 100 108 106 108 111 108 113 107 111 114 107 110 112 109 113 111 112 111 112 112 114 111 111 113 114 113 111 108 111 113 110 111 108 107 112 111 110 111 111 108 107 115 114 84 115 115 111 112 91 93 112 115 108 48 112 106 112 110 110 102 105 108 111 114 108 110 110 114 109 111 114 110 113 114 112 111 113 115 111 113 108 113 115 113 103 109 108 113 112 85 112 112 112 109 110 112 108 111 106 115 109 112 114 114 104 89 34 83 115 114 113 58
115 108 108 110 110 112 109 109 110 114 78 102 98 82 111 114 110 114 112 115 107 114 111 115 111 114 112 115 113 109 104 83 105 115 110 114 109 113 114 112 109 113 115 101 115 114 111 111 115 115 95 106 115 109 109 113 115 109 114 109 109 113 105 115 108 114 108 113 114 107 94 65 104 112 113 114 115 110 114 115 113 115 114 114 113 114 115 114 109 107 115 113 114 115 113 114 114 108 107 111 115 107 115 113 111 114 114 113 104 114 110 107 113 115 115 108
107 105 97 103 95 98 99 108 102 110 101 96 97 96 98 95 97 57 106 106 102 101 92 100 95 102 101 103 96 84 91 100 99 96 94 96 98 100 111 91 101 107 104 95 105 110 68 64 103 103 90 92 97 99 97 109 87 41 101 94 82 85 49 88 96 107 99 110 97 109 103 98 94 96 100 66 114 101 109 103 102 106 83 91 82 97 93 77 76 99 52 103 98 93 100 99 105 91 98 102 102 98 102 103 102 86 108 114 103 71 44 41 67 110 75 85
85 105 97 80 75 94 68 103 106 94 94 99 107 101 99 98 102 94 100 91 102 84 95 90 99 109 89 105 99 83 78 100 100 100 103 99 100 93 108 96 109 108 106 95 111 109 106 56 112 107 104 111 103 95 32 113 112 89 104 110 103 102 72 105 92 103 102 109 96 102 83 68 102 100 110 99 106 88 103 91 94 105 94 107 97 102 101 92 91 104 108 111 102 108 108 108 107 107 106 93 101 85 112 99 110 106 110 112 113 106 67 62 98 110 111 51
115 115 115 115 114 115 115 115 114 115 115 115 115 115 115 115 115 115 115 114 115 115 115 115 115 115 115 115 114 115 115 115 115 115 103 114 115 115 113 115 115 115 115 115 115 115 115 115 115 115 115 115 114 115 113 114 114 108 115 115 114 115 114 115 115 115 113 115 115 115 115 115 115 115 115 115 115 114 115 115 115 115 115 115 115 115 114 115 114 114 114 115 115 114 115 115 115 115 115 115 115 114 115 115 115 115 115 115 115 115 114 115 114 115 115 107
96 99 100 94 97 93 95 102 84 99 93 80 61 66 91 79 91 81 111 102 104 99 93 100 100 102 90 105 92 88 88 80 92 103 86 102 90 94 106 70 88 98 98 62 90 99 77 43 97 94 101 101 80 98 73 91 100 43 96 69 86 102 80 93 98 79 90 99 87 66 49 39 94 80 98 103 105 88 97 96 105 101 97 91 87 96 82 92 85 85 56 90 93 72 98 83 106 77 84 103 77 54 79 104 89 72 67 107 100 98 54 91 85 102 84 75
93 81 96 86 70 77 76 79 71 105 72 94 77 78 84 94 98 68 101 101 97 92 88 101 89 97 79 101 84 84 58 77 51 88 97 101 88 86 98 70 91 82 98 74 101 109 75 74 101 112 80 103 101 86 46 111 106 93 100 92 80 74 71 99 91 87 77 106 85 99 83 75 81 94 92 76 103 58 83 99 81 108 78 83 89 95 94 68 78 81 66 94 79 87 91 62 84 76 88 68 96 64 107 111 91 82 91 110 87 97 99 63 74 105 101 95
97 108 101 107 97 91 96 104 75 94 106 91 98 72 84 101 98 70 109 96 95 101 104 107 96 104 100 98 98 98 95 87 66 101 106 101 93 97 96 97 106 105 110 101 102 107 96 81 100 109 106 107 102 97 90 105 105 93 102 85 48 79 33 88 95 90 67 98 80 93 93 66 67 93 93 85 88 86 110 109 105 106 102 97 105 106 94 100 104 77 68 89 95 97 83 51 111 83 105 103 96 70 88 108 107 91 112 109 107 100 92 102 91 103 86 72
105 105 109 100 91 99 93 105 105 103 92 95 99 107 100 94 105 68 102 107 99 106 99 110 108 107 107 106 109 90 73 95 78 98 107 93 107 104 109 81 108 100 98 101 106 113 85 75 107 110 103 110 101 96 68 109 99 29 107 110 60 89 46 90 83 103 106 108 102 108 97 95 108 98 102 88 106 113 101 106 92 111 97 109 104 107 110 107 53 101 53 98 108 64 106 99 109 83 107 100 102 94 106 108 100 95 108 112 105 109 62 97 81 110 93 76
107 81 57 89 71 100 102 98 90 84 76 91 78 94 100 106 100 78 92 97 94 106 101 110 85 101 98 98 105 81 93 89 75 88 100 107 95 95 84 62 107 97 90 76 101 106 83 66 109 107 92 92 76 89 80 108 100 59 102 88 62 72 46 90 100 92 97 111 86 106 103 64 94 101 107 103 89 87 94 104 101 113 96 90 109 95 108 78 70 89 75 101 101 61 83 79 101 86 101 91 86 71 93 106 92 107 95 112 82 77 78 88 90 110 83 80
110 107 108 107 99 108 108 104 100 107 105 103 104 104 108 109 108 101 108 109 101 111 106 109 106 104 100 105 102 112 105 96 104 108 104 104 111 110 108 100 111 109 106 101 105 111 113 101 107 109 65 105 23 84 105 107 106 58 110 112 33 113 59 110 108 104 105 111 106 105 106 107 110 107 111 104 107 107 108 109 106 108 106 104 101 107 109 96 71 108 109 107 107 96 108 87 108 109 111 110 110 103 103 110 109 104 110 109 108 100 26 21 106 110 87 91
109 106 103 105 101 105 98 106 102 112 105 95 114 85 102 98 109 79 111 107 103 105 109 109 112 111 106 114 106 108 106 110 100 111 104 114 109 107 107 96 109 95 105 104 110 114 112 91 109 112 89 115 109 101 62 114 106 71 106 102 113 108 108 103 103 101 107 113 100 101 104 100 99 94 103 61 101 95 103 109 109 113 113 111 95 111 105 110 91 107 103 103 108 106 110 106 103 106 109 108 109 109 110 111 109 73 107 106 110 107 52 44 99 110 98 76
109 102 112 103 102 108 103 103 105 106 101 92 77 88 108 100 107 92 113 112 111 112 105 112 98 110 97 100 111 99 105 95 89 113 92 110 105 102 108 103 112 109 111 72 110 113 114 110 113 114 101 111 95 95 110 114 112 94 108 110 111 108 105 105 102 108 100 111 103 100 73 78 104 99 101 108 114 111 112 112 104 113 102 109 106 113 106 100 96 110 104 104 113 109 107 100 113 112 109 110 111 85 113 114 113 90 107 112 107 115 46 38 81 109 107 97
103 95 98 102 102 108 108 111 94 94 105 86 98 72 79 87 100 108 102 82 107 103 100 102 99 112 110 104 102 113 111 86 57 112 96 102 86 88 99 90 98 101 90 59 103 111 84 88 113 107 100 103 102 92 98 106 112 102 104 97 95 98 105 101 108 109 88 102 79 88 78 82 104 101 109 111 95 60 99 105 107 112 96 102 110 76 104 106 111 88 94 107 113 109 94 91 108 98 99 106 102 27 104 106 107 105 113 106 103 104 102 101 104 111 110 106
106 55 96 49 67 95 84 95 58 84 86 80 83 98 76 61 54 100 106 91 102 84 78 81 78 89 85 88 89 90 70 41 79 71 95 98 53 74 103 50 59 97 92 77 80 96 87 98 95 99 86 99 88 92 96 94 101 60 106 85 86 61 93 88 98 99 46 80 88 86 87 96 68 80 82 89 99 103 97 90 92 92 80 78 79 86 99 82 54 37 91 93 99 93 73 89 109 52 60 79 92 91 88 91 80 104 102 99 58 88 83 96 102 102 83 79
106 102 105 97 106 62 101 91 97 103 86 82 87 82 100 110 100 64 104 102 101 97 84 103 106 110 108 108 91 107 102 94 73 110 107 104 98 103 109 95 103 100 107 68 91 107 96 39 94 106 98 99 45 49 82 94 100 80 102 108 109 98 96 85 87 104 90 110 95 84 98 82 95 109 105 43 106 93 102 103 86 107 86 102 108 101 102 104 89 91 85 113 107 103 105 106 108 99 102 94 103 86 104 112 103 104 93 106 100 107 28 46 94 107 92 58
102 111 115 109 113 106 108 104 106 101 72 110 94 108 109 108 101 106 111 106 108 106 85 108 92 103 103 107 101 107 110 105 106 109 91 107 108 108 108 108 104 113 105 106 108 112 110 35 102 107 103 106 108 113 87 113 105 55 103 105 109 109 114 106 112 109 110 108 91 109 106 109 111 113 108 113 114 45 59 102 109 115 103 96 103 109 98 105 108 102 108 109 108 110 110 113 112 100 109 104 104 108 105 112 111 86 58 111 112 114 50 42 94 109 111 63
94 112 89 82 88 97 92 114 77 80 101 110 104 104 64 107 103 85 108 108 92 104 102 103 99 111 101 107 93 102 107 37 83 101 104 101 91 100 109 106 107 112 111 101 110 111 104 102 106 108 87 105 108 73 92 101 110 76 107 112 110 104 69 110 94 92 97 114 111 107 103 103 97 99 112 84 102 109 112 105 102 107 99 109 106 104 100 105 105 99 97 100 112 83 109 68 98 105 108 109 109 104 110 112 104 75 110 110 102 103 62 64 98 108 102 87
115 105 105 108 104 96 86 92 108 114 64 101 85 84 109 95 106 100 113 115 104 109 100 106 90 100 106 104 99 91 95 100 95 98 97 109 106 111 113 98 103 103 104 94 103 111 110 94 113 112 110 112 108 96 93 114 114 102 110 108 107 107 80 86 92 99 108 115 94 101 88 72 107 91 110 109 110 110 107 109 102 114 103 109 106 110 102 102 94 99 105 110 106 93 111 109 113 111 107 92 108 86 108 113 110 111 114 115 103 105 55 101 94 114 113 100
106 110 75 99 74 91 103 100 95 95 100 91 99 69 93 79 102 88 108 115 80 88 86 87 80 114 114 107 86 108 101 87 102 115 103 97 91 91 97 91 97 98 103 97 112 103 104 96 109 106 73 82 84 79 106 113 94 98 103 93 84 98 91 91 88 92 89 105 107 103 101 83 84 71 104 93 112 108 85 88 77 102 67 77 64 102 92 112 101 82 108 114 111 93 86 94 100 102 94 104 106 88 109 108 115 109 99 105 114 91 84 81 107 98 100 84
103 83 90 104 99 55 79 98 102 91 106 72 82 96 98 103 97 100 109 96 106 98 92 102 91 107 80 88 99 107 89 89 81 98 101 103 100 102 104 102 103 109 99 67 92 108 108 46 94 108 94 97 49 39 99 109 87 11 108 98 82 91 90 94 99 104 104 103 103 102 86 97 100 100 96 88 110 92 99 98 98 96 97 93 82 99 104 97 86 91 100 98 103 86 105 107 105 109 103 97 106 70 104 109 106 96 102 103 102 96 19 44 70 108 70 28
99 97 99 95 87 98 74 86 110 102 90 90 87 95 102 87 102 84 103 87 90 103 110 106 103 111 106 106 100 100 91 79 98 106 103 102 102 105 106 101 106 59 108 69 106 109 104 77 105 103 70 98 67 86 30 109 81 84 106 101 104 102 107 94 106 100 95 109 94 99 100 95 102 88 106 104 92 82 107 107 106 106 101 109 82 107 105 106 102 104 103 107 109 51 105 92 82 107 104 97 110 82 108 110 111 45 91 106 103 102 46 82 48 88 86 92
114 114 113 114 112 113 113 113 114 114 114 114 113 114 114 115 114 112 114 114 113 114 114 114 114 114 114 114 114 114 114 114 113 114 114 112 113 112 114 113 114 114 114 113 114 114 113 10 115 114 112 114 113 110 110 115 113 114 114 114 114 114 113 114 114 114 113 114 114 114 114 114 114 114 114 115 114 114 114 114 114 114 114 114 114 114 114 114 114 114 114 114 114 113 114 114 114 109 114 114 114 114 114 114 114 114 115 114 114 113 112 99 113 114 112 111
107 110 107 107 102 105 106 112 86 109 72 109 107 92 102 105 112 108 98 109 96 109 110 109 108 112 104 110 103 108 99 106 107 110 104 101 93 67 96 99 109 112 112 111 112 112 103 92 112 109 96 104 66 94 107 109 108 95 106 112 111 109 108 105 107 113 93 109 59 107 100 89 104 108 113 98 89 112 75 105 103 113 102 98 101 106 109 105 103 95 108 112 112 56 100 106 95 82 106 110 110 103 103 111 103 101 111 109 82 92 75 32 102 111 109 81
93 107 93 100 78 87 89 100 100 99 97 101 100 83 96 96 100 87 108 107 101 94 108 96 73 101 81 108 109 92 49 76 96 95 107 105 98 104 109 93 97 103 102 94 107 109 88 107 109 108 76 106 75 74 87 114 98 67 105 102 79 103 75 99 102 98 99 108 86 99 98 91 105 95 108 104 112 110 111 100 109 109 82 78 88 107 107 75 67 95 70 105 111 98 99 100 108 107 106 110 102 103 108 104 101 92 112 112 94 100 77 45 62 107 94 54
114 115 114 113 114 112 113 111 113 114 111 112 114 113 110 110 115 95 115 115 114 114 114 115 110 115 115 115 113 114 113 109 113 115 115 114 114 102 114 97 114 114 114 114 115 115 110 115 115 115 107 115 114 107 100 115 114 77 113 114 109 114 115 114 114 114 109 115 114 115 114 112 112 113 114 113 115 115 114 114 115 115 113 114 114 115 114 114 113 113 114 114 115 108 111 109 115 110 113 114 114 112 115 113 113 115 115 115 114 115 108 112 115 113 115 115
88 99 101 94 101 83 91 99 70 88 77 104 103 109 83 96 89 85 83 96 105 99 100 100 104 101 100 99 91 105 98 79 97 103 81 96 102 103 108 75 94 99 103 103 105 93 87 78 100 104 57 56 45 42 87 106 58 35 86 100 106 98 101 90 91 100 81 89 78 110 99 101 98 93 89 84 93 58 100 103 103 108 102 103 98 94 90 100 92 87 84 101 99 89 100 106 77 97 102 97 99 107 106 100 67 105 90 107 69 43 28 61 72 112 59 63
113 98 76 101 87 107 105 105 101 109 102 99 73 76 94 101 107 79 103 96 74 104 98 107 100 105 102 96 109 96 87 104 99 99 103 108 101 106 108 99 102 93 104 76 92 111 86 98 107 111 59 97 62 85 69 110 107 78 104 107 78 100 91 107 105 106 100 110 60 106 97 95 104 99 105 102 104 91 97 108 101 111 103 108 109 109 104 104 98 103 101 110 107 108 106 82 110 107 109 102 104 93 105 113 100 86 111 114 73 83 19 59 93 113 112 34
115 110 109 109 101 114 109 114 111 110 114 105 108 90 113 111 113 112 114 112 110 111 112 115 111 114 113 115 101 111 113 107 115 113 110 115 113 114 113 112 104 103 112 90 113 114 111 110 115 115 111 113 110 115 107 115 115 107 115 106 98 109 111 113 113 113 109 114 104 115 97 75 111 113 113 114 115 113 112 112 113 115 114 105 105 115 115 111 112 110 113 115 114 115 111 113 115 109 114 113 114 94 115 113 110 111 115 115 108 115 110 108 97 114 115 108
113 91 87 109 92 86 82 60 105 99 94 87 83 76 97 87 99 91 104 98 97 110 106 105 95 108 110 110 109 114 108 87 103 111 109 101 91 83 100 84 94 93 111 76 109 112 115 104 110 109 106 104 71 113 109 112 114 102 108 98 74 106 104 96 107 77 95 108 92 103 95 62 98 95 112 104 104 104 104 109 112 111 99 104 111 109 102 113 106 95 100 115 114 101 100 96 94 84 94 105 106 100 110 114 108 101 110 114 102 107 69 76 95 114 103 114
108 111 111 109 112 107 109 107 105 108 112 108 101 111 94 104 109 85 113 113 112 108 106 112 107 109 107 113 106 112 108 98 107 111 111 105 94 99 112 107 107 17 108 23 110 113 112 83 113 112 111 110 93 110 95 112 111 71 107 109 99 109 95 108 105 106 78 111 111 108 106 110 95 106 108 109 113 82 109 110 107 113 108 107 108 112 110 110 105 105 110 111 110 107 106 108 112 106 109 107 110 107 111 112 109 114 111 113 111 106 30 79 113 113 98 76
96 109 105 106 88 85 99 104 92 99 87 104 91 73 107 114 98 85 92 110 96 106 104 103 103 108 109 113 91 92 97 99 105 110 101 79 102 102 104 80 97 111 107 105 98 105 94 103 111 114 95 112 98 96 98 113 85 59 102 109 72 109 87 98 103 101 94 104 98 110 87 77 107 107 107 100 110 113 112 103 109 110 103 97 92 114 92 107 83 98 89 110 104 57 106 96 108 99 95 112 108 78 103 91 100 107 109 111 112 107 72 95 107 115 104 79
110 84 99 96 84 97 99 101 104 107 110 88 101 103 99 88 95 105 107 108 106 101 103 95 92 103 101 114 102 99 93 97 94 100 95 102 99 97 108 96 107 107 99 110 102 113 105 90 106 106 102 104 104 112 63 110 107 36 97 104 70 91 78 98 97 103 65 111 104 102 95 98 87 103 108 109 107 107 113 103 105 108 85 79 84 102 64 77 75 59 102 106 98 80 96 105 111 72 105 105 99 101 114 109 108 72 98 111 108 104 82 53 86 110 107 69
83 102 93 104 101 86 87 103 76 102 103 108 109 91 100 108 79 95 101 93 101 102 98 106 103 106 94 108 80 87 75 68 109 114 58 109 106 97 105 88 93 104 110 89 89 106 108 98 99 109 106 109 78 40 60 109 99 87 107 104 96 103 79 103 103 103 84 103 102 106 107 102 97 107 100 82 109 103 107 103 107 109 101 105 99 106 110 106 93 67 92 110 107 103 101 110 108 86 95 104 108 83 108 106 96 74 103 111 58 95 53 90 96 95 98 76
113 111 104 111 104 112 111 111 72 111 107 102 111 107 94 106 99 105 111 111 96 112 105 113 114 109 114 113 99 114 112 75 99 110 59 102 78 112 113 76 104 111 106 110 107 113 110 98 109 113 109 108 102 88 95 109 105 96 106 108 102 106 105 74 100 104 38 111 100 104 97 104 98 100 115 100 112 98 115 112 102 111 113 114 112 113 106 114 105 93 100 103 104 86 113 111 113 84 97 111 109 90 112 110 108 98 109 112 110 104 95 97 105 107 108 85
103 114 112 114 111 113 113 115 106 101 112 93 106 104 113 113 93 59 115 108 108 111 106 112 112 111 110 112 91 114 111 91 77 105 88 110 104 108 111 107 109 114 111 57 110 114 107 113 112 112 97 97 85 59 108 115 107 92 106 102 100 109 98 100 105 110 105 103 110 93 108 107 107 112 109 89 113 115 95 110 109 113 112 113 109 110 104 109 90 88 66 114 111 91 111 107 107 94 109 112 111 101 114 112 105 110 110 111 92 94 94 86 108 113 95 97
107 105 88 103 80 105 96 89 99 70 96 91 79 87 102 97 87 95 106 103 106 102 96 108 103 108 104 105 97 100 92 85 84 97 93 105 106 97 102 96 102 98 98 92 102 97 92 57 102 106 56 60 79 38 63 106 84 80 86 85 51 99 50 70 70 83 88 95 89 88 92 80 103 97 101 89 103 104 104 100 95 105 109 111 109 106 95 102 63 85 78 97 103 92 97 110 107 89 99 101 95 100 109 96 95 74 81 105 71 63 69 31 104 101 89 60
97 107 108 105 105 90 93 93 95 101 73 101 73 92 103 98 111 106 105 109 96 97 93 100 94 103 109 107 104 84 64 47 97 93 101 105 88 90 109 95 110 101 106 94 103 110 107 32 103 105 92 107 79 99 78 97 103 91 98 103 107 58 59 97 86 104 79 111 54 97 99 98 90 82 93 103 104 108 94 104 92 105 95 101 103 100 111 51 77 57 96 85 113 71 100 106 106 97 102 95 102 97 109 105 105 97 107 104 93 102 49 102 99 101 86 95
114 114 113 113 114 114 115 114 114 113 110 113 112 108 115 114 114 100 115 114 115 111 112 114 114 114 115 115 104 115 113 113 112 115 113 115 114 113 114 113 114 115 115 115 115 115 114 112 114 114 115 115 114 107 114 115 114 106 114 114 106 112 97 111 114 114 113 114 105 114 111 109 115 113 114 112 115 115 114 111 112 115 111 113 112 114 104 115 114 112 112 114 112 83 113 114 114 114 114 115 114 109 115 115 114 107 115 114 115 115 85 77 115 114 113 105
107 106 67 105 66 87 83 59 81 110 90 90 106 98 78 106 93 87 105 101 108 99 106 100 93 101 103 104 108 111 106 72 88 107 78 106 92 80 106 80 93 97 106 105 105 105 98 94 110 108 106 104 24 84 95 104 99 27 105 102 92 102 67 92 101 93 94 108 69 97 88 64 106 104 104 97 105 89 106 100 102 101 94 90 89 99 104 104 104 96 88 111 92 69 106 101 111 104 103 109 109 104 100 112 105 84 110 109 106 82 24 73 67 109 100 65
108 98 93 92 82 83 83 105 105 114 95 94 94 97 97 95 103 61 106 99 99 99 86 93 95 107 104 95 111 88 79 93 90 93 87 92 104 98 105 98 107 104 106 93 107 108 100 104 103 103 62 90 65 87 86 87 98 77 102 94 73 75 76 69 87 95 96 114 91 96 84 99 102 90 108 63 99 100 111 89 74 91 96 106 83 100 103 95 74 91 61 99 108 89 105 91 89 100 107 103 106 113 95 103 110 94 112 107 97 92 50 69 86 92 84 89
110 109 102 103 103 110 109 113 104 109 104 101 107 113 105 104 104 66 105 104 105 108 110 108 114 108 106 109 104 95 91 101 105 111 100 109 105 108 108 102 103 105 105 92 110 112 114 36 111 109 80 111 96 52 78 109 115 73 108 107 107 104 101 105 101 108 104 111 103 105 101 105 105 103 107 104 109 104 106 109 109 110 102 102 82 104 110 78 76 102 105 113 109 103 104 101 110 103 101 106 103 77 108 113 113 104 63 113 110 108 58 56 67 114 111 36
109 107 110 106 103 107 99 104 80 108 99 66 70 92 97 99 108 95 112 108 105 70 103 99 98 112 107 109 99 94 93 84 91 106 111 111 106 102 115 98 105 105 102 86 101 109 107 95 110 112 95 108 103 65 39 106 102 74 103 106 109 107 106 104 99 109 77 114 92 99 81 102 105 102 109 90 111 112 107 84 104 102 107 105 107 109 112 88 103 93 105 107 114 110 112 110 112 68 98 108 112 101 110 113 105 82 92 115 99 108 46 98 84 109 93 69
101 91 102 110 103 96 89 85 74 94 107 67 87 95 97 81 106 91 106 106 114 99 104 98 102 105 102 108 105 101 105 98 72 99 103 98 97 82 106 82 93 112 101 83 95 111 107 106 112 110 109 114 111 66 89 114 109 95 104 101 98 98 91 108 110 110 91 111 101 89 80 83 107 91 109 92 111 105 107 100 101 107 100 102 105 104 106 93 101 100 94 97 112 102 103 91 108 105 96 111 108 97 108 115 104 99 114 113 104 68 39 78 74 111 96 88
105 106 108 102 95 97 94 93 98 98 86 89 79 86 99 91 106 70 111 99 106 98 90 105 109 109 108 109 110 108 94 91 102 107 103 111 97 109 109 98 110 103 99 77 107 111 108 82 98 101 101 94 55 48 88 108 109 76 107 78 103 96 85 87 88 87 88 104 83 93 85 72 96 97 103 104 105 97 109 97 97 109 90 104 77 107 110 102 87 88 96 108 111 112 112 108 114 80 92 109 107 92 108 112 113 65 102 109 106 90 31 84 78 100 98 34
106 114 114 96 101 106 113 107 111 107 109 114 92 98 108 109 106 81 105 111 109 113 92 109 113 114 110 111 102 112 107 104 104 115 94 112 109 83 107 108 113 112 113 105 112 114 113 77 108 113 103 110 111 104 91 112 106 107 108 112 106 94 72 103 104 111 97 113 106 113 106 102 102 109 111 84 113 103 102 114 84 114 100 109 104 95 103 107 101 102 82 108 110 100 95 109 114 102 106 108 105 106 111 113 113 110 105 113 105 107 51 77 102 104 103 83
111 106 101 109 89 83 81 84 92 97 103 66 72 64 93 94 104 87 103 112 106 86 76 88 79 93 95 111 105 108 101 81 108 110 98 82 77 75 100 100 94 93 101 88 92 110 95 69 113 111 105 91 80 78 63 101 83 38 103 81 73 93 83 83 71 90 78 104 105 77 67 77 85 88 113 93 111 104 98 94 82 99 88 93 77 110 104 103 100 80 82 105 110 71 90 89 112 86 93 99 110 97 105 108 108 106 100 104 95 90 66 72 96 82 75 75
114 110 107 115 96 108 94 103 105 114 104 102 97 95 91 105 103 108 111 105 104 112 96 112 96 104 106 110 112 111 112 52 103 109 115 107 99 92 112 88 95 106 111 108 111 112 108 107 107 113 98 109 101 96 109 113 103 105 114 112 92 115 91 96 96 112 77 112 101 112 110 112 95 114 114 104 113 99 113 112 110 113 90 98 109 110 115 115 109 59 112 112 115 106 97 95 114 85 109 86 113 115 112 112 105 91 110 109 106 100 84 93 109 113 108 92
113 112 114 111 114 112 111 112 111 113 106 110 108 107 112 109 111 111 114 114 114 112 113 112 113 114 114 112 112 112 110 111 114 112 113 111 111 111 110 112 113 113 113 110 114 114 114 79 114 114 110 114 111 115 112 114 114 75 111 114 114 112 104 111 104 111 107 114 114 114 114 112 112 112 111 114 114 114 112 113 114 114 111 113 112 114 112 110 107 111 111 114 113 111 111 113 114 109 112 114 112 103 113 114 115 114 114 114 114 111 65 9 111 114 114 110
93 103 75 106 100 103 100 107 91 93 106 106 68 98 102 108 98 85 106 109 101 97 93 98 98 99 101 104 94 105 98 91 94 104 96 106 104 95 109 74 99 95 106 99 102 106 83 58 112 104 71 98 77 63 35 111 110 31 92 100 78 101 63 96 101 107 82 101 105 105 105 101 101 108 103 79 110 101 90 99 98 102 98 99 97 103 88 102 97 80 95 105 100 66 107 71 72 92 99 101 107 92 107 109 104 66 105 111 106 108 44 56 59 112 100 52
113 111 57 111 37 111 106 110 109 111 111 106 105 82 109 107 111 108 110 109 81 106 106 110 111 111 109 110 111 111 109 110 108 112 110 113 108 108 108 103 107 111 110 110 111 110 111 93 110 113 104 109 98 53 112 112 110 55 111 111 106 112 101 109 108 110 97 112 110 111 107 106 109 110 112 111 112 106 110 107 109 107 109 111 108 109 112 110 110 110 106 111 109 110 108 108 109 108 109 110 107 107 113 112 114 109 110 111 105 105 15 70 108 108 107 108
107 91 94 99 76 97 107 107 99 109 102 90 106 91 104 108 112 85 110 109 113 111 103 108 106 109 110 109 106 105 88 91 111 112 112 109 109 109 106 100 102 112 98 102 75 111 102 91 108 109 85 98 89 115 77 113 107 48 110 101 102 105 96 107 110 108 96 111 108 102 93 103 108 107 112 101 114 107 112 112 108 113 103 108 109 111 108 98 91 93 109 106 114 109 110 111 111 113 107 109 106 108 105 110 103 72 105 110 101 92 42 111 66 108 108 71
106 103 104 99 105 98 93 104 101 94 91 108 110 96 92 106 102 80 110 111 99 112 105 106 109 109 107 111 111 109 97 88 103 110 108 108 99 106 107 96 104 107 109 94 110 110 102 39 106 113 82 111 111 108 34 114 103 35 108 109 89 100 90 102 100 108 87 108 79 109 109 87 101 104 102 91 113 95 113 111 99 112 105 109 100 109 108 111 100 98 99 109 110 101 110 99 110 92 103 109 107 87 109 110 104 54 102 115 111 111 60 54 62 106 106 99
113 97 102 99 91 101 110 111 80 98 101 98 101 99 96 109 109 112 112 113 108 110 112 111 107 109 110 113 114 103 111 92 111 111 112 104 100 110 112 83 95 108 106 96 105 113 111 93 113 112 108 111 100 100 100 113 111 19 113 112 112 112 106 111 109 103 90 112 98 110 111 103 91 110 111 112 113 100 106 113 109 112 111 111 108 108 112 102 97 99 110 112 113 112 112 111 112 92 91 97 110 86 109 98 97 104 114 113 107 109 70 34 105 112 113 113
106 93 99 89 59 104 74 96 58 102 101 82 91 97 57 85 92 84 105 108 108 76 93 83 98 89 91 95 111 96 70 48 89 100 108 96 72 85 104 93 74 111 99 89 94 102 95 83 101 97 81 111 95 111 45 109 93 72 101 91 104 101 80 53 63 90 51 91 98 88 91 93 79 90 103 107 97 88 99 91 91 100 97 93 83 95 109 97 58 45 88 103 105 98 95 84 104 104 85 86 101 92 92 107 102 66 108 108 64 99 79 92 74 105 108 51
101 102 94 92 93 101 101 104 80 105 71 104 110 92 105 100 108 94 113 97 108 95 89 97 102 109 107 111 82 107 106 89 105 109 85 95 107 109 105 89 91 100 110 82 108 108 97 64 108 111 98 98 98 46 69 115 87 82 104 110 100 92 84 104 103 109 90 108 77 106 107 81 100 92 104 96 113 110 114 105 94 114 97 103 101 104 78 110 103 91 92 113 96 91 111 91 101 87 92 106 106 96 111 100 102 67 96 106 102 98 75 58 89 111 86 18
91 95 89 81 67 96 83 104 75 103 95 74 79 70 85 110 99 91 101 88 101 108 108 107 101 99 90 94 87 86 86 85 70 99 95 94 89 91 98 79 93 105 92 68 88 107 108 57 108 112 36 86 94 96 84 108 100 65 95 84 95 92 88 89 78 88 56 89 74 81 79 77 89 105 102 100 103 70 106 109 107 112 100 90 97 108 99 97 91 89 99 105 105 75 96 97 110 77 78 97 98 75 96 109 89 90 104 112 109 102 50 78 108 110 106 86
107 103 103 101 104 87 85 80 98 102 81 92 90 95 80 99 100 82 98 107 76 92 93 100 100 94 94 108 100 105 107 93 88 91 93 68 87 73 101 73 99 99 100 63 95 107 100 86 109 107 70 77 76 105 62 107 61 30 101 99 97 82 106 91 69 86 82 112 59 98 88 92 83 98 105 89 93 70 83 98 92 107 93 99 101 108 100 103 100 92 99 96 101 83 65 71 91 92 95 97 104 96 103 107 103 78 103 110 108 102 45 93 71 106 60 68
111 112 113 111 110 110 111 108 106 111 108 107 100 107 108 108 110 112 110 109 110 112 110 110 114 112 110 113 111 113 107 105 103 113 110 109 105 108 110 110 111 113 105 100 112 114 115 62 115 114 111 115 85 83 107 115 105 109 113 112 110 112 110 111 104 109 109 113 107 112 101 110 108 108 112 112 113 112 111 113 113 114 112 113 110 113 111 113 112 108 113 113 111 112 110 109 112 109 109 112 105 105 113 114 115 115 101 115 113 105 37 66 105 114 114 26
108 108 74 89 55 92 103 82 103 101 102 99 92 92 71 107 108 67 106 112 104 110 104 99 104 110 102 104 104 105 89 82 89 104 87 86 88 98 100 73 95 69 103 70 105 104 92 101 113 102 98 107 98 92 70 107 96 78 106 99 90 99 82 83 101 95 98 111 79 98 94 88 80 97 109 99 106 103 107 110 102 111 105 106 87 110 96 95 90 84 89 103 101 92 108 100 108 80 108 89 101 81 106 106 104 31 105 109 90 110 86 56 71 102 109 88
113 104 94 103 104 98 103 75 101 107 100 85 75 65 101 100 111 58 106 112 108 92 92 88 82 109 94 105 112 103 109 99 86 108 101 107 101 104 104 111 107 107 101 103 108 110 108 110 101 104 105 112 102 70 82 111 97 55 112 85 85 97 100 96 101 91 91 113 88 92 86 67 98 105 114 105 96 113 105 96 96 98 86 83 94 95 114 104 107 107 106 101 112 100 97 98 111 98 107 109 110 101 112 111 114 113 114 109 108 105 89 105 96 114 105 100
109 89 98 100 114 94 84 91 103 83 63 85 101 76 87 104 107 87 107 92 60 95 99 99 75 96 58 97 108 85 87 59 88 108 103 97 90 92 107 101 105 76 89 105 89 110 109 96 110 111 94 102 89 106 57 110 110 81 110 104 107 109 98 111 106 106 93 111 91 108 88 70 90 103 102 98 111 102 105 108 97 104 92 87 88 92 109 97 106 84 91 97 112 90 107 96 105 110 98 107 99 83 103 110 99 107 111 113 95 90 63 95 110 99 102 108
106 113 92 103 92 86 94 101 94 108 110 91 96 88 102 110 112 109 113 107 108 86 101 89 95 112 103 108 104 106 101 99 70 115 99 109 108 110 114 94 106 91 86 65 100 111 113 93 113 111 103 111 105 77 84 115 103 77 104 115 108 111 100 108 102 110 105 113 107 109 98 104 101 113 113 110 109 113 109 93 108 103 96 102 100 106 103 106 101 103 104 110 111 113 108 113 114 109 99 113 105 92 111 113 110 98 107 115 112 111 104 76 88 113 113 63
99 90 67 82 73 92 91 85 64 102 82 79 76 67 83 96 75 45 109 81 96 90 68 96 80 102 99 88 79 76 73 38 78 66 95 83 80 89 99 73 81 94 96 67 94 107 101 108 100 100 92 104 87 105 91 104 91 83 106 104 78 87 75 100 92 93 68 97 89 85 73 64 79 104 99 71 102 91 92 76 76 99 76 91 96 99 70 59 71 54 94 76 94 91 83 98 106 70 85 89 107 92 103 105 91 93 104 105 91 94 83 93 97 103 81 81
96 102 108 97 109 91 96 99 84 94 103 93 85 84 84 102 88 86 95 88 99 108 108 102 111 105 111 113 58 99 91 65 81 113 39 112 84 91 105 78 84 98 99 74 103 109 99 87 97 111 108 110 73 109 97 102 107 92 88 93 94 86 83 86 87 92 67 106 84 98 81 92 81 106 104 93 98 92 110 101 93 109 98 110 89 68 41 89 76 69 86 93 77 98 96 102 91 80 94 92 95 79 106 108 100 93 78 104 110 92 62 73 63 108 87 85
107 104 105 109 95 89 98 96 83 89 94 91 97 77 102 104 97 63 106 109 106 105 108 110 104 104 98 106 98 100 87 49 94 98 104 108 86 86 90 83 99 106 107 35 102 110 111 101 106 109 108 110 89 110 107 105 101 48 107 106 98 108 91 103 104 103 78 102 84 100 97 84 96 100 101 96 110 106 106 110 107 111 108 102 105 109 102 102 102 70 79 101 110 112 105 107 109 101 107 106 107 100 101 109 103 46 110 109 107 107 54 109 108 102 102 42
107 101 95 105 90 105 103 102 55 91 96 96 98 95 78 106 94 88 111 109 107 107 101 109 106 102 111 109 100 90 102 56 93 106 87 110 94 109 109 92 73 110 81 100 98 113 105 105 111 113 110 115 91 112 70 112 107 72 107 114 100 114 98 111 102 101 58 113 101 104 99 94 90 107 115 96 114 104 108 111 100 113 107 107 112 111 76 77 90 77 99 99 111 106 109 108 112 57 82 112 105 86 114 109 101 105 112 115 111 101 79 92 92 113 109 87
109 113 93 114 46 112 101 103 106 114 105 110 112 106 107 114 112 107 113 114 114 114 112 113 112 114 112 113 112 115 110 100 110 113 113 110 105 109 109 113 110 111 113 105 110 114 113 99 115 112 113 108 103 108 110 115 112 107 107 114 106 113 115 107 109 110 83 114 94 113 109 99 106 113 114 100 113 113 114 115 114 114 114 113 112 109 113 113 104 101 106 112 115 102 111 111 114 109 104 109 111 109 114 114 114 106 113 114 114 91 73 111 113 114 114 92
105 112 112 95 108 100 91 111 93 107 114 112 104 111 85 103 112 105 113 112 107 89 93 95 90 105 100 112 78 100 106 78 106 111 90 101 86 98 96 48 106 112 101 112 112 111 111 105 113 111 101 113 94 94 90 111 101 77 100 111 109 91 102 105 108 103 99 108 113 110 104 114 94 96 100 99 112 114 107 92 107 98 90 85 67 109 83 107 108 92 111 113 103 90 98 98 94 101 101 112 108 106 106 112 106 85 103 113 102 112 26 59 109 108 100 90
110 107 100 112 96 96 93 104 87 101 104 101 103 99 98 106 93 85 110 109 103 97 82 97 102 108 104 107 84 107 63 34 93 98 106 101 92 102 107 100 90 106 105 102 104 104 107 97 110 111 102 99 65 80 79 108 94 61 106 100 105 105 85 95 94 107 44 109 99 101 104 107 85 107 109 105 111 101 100 103 108 105 92 104 101 107 93 91 66 40 102 105 111 98 101 99 112 100 85 105 107 104 108 109 105 76 99 113 107 89 59 25 102 107 102 64
104 101 100 83 81 102 92 97 102 96 107 96 80 94 101 102 105 41 97 106 99 94 97 108 108 104 99 110 106 89 85 98 75 99 104 109 101 108 105 97 106 109 105 84 108 111 101 32 98 112 102 111 111 105 51 99 109 66 110 105 79 83 75 99 94 100 97 111 91 104 83 87 102 102 109 63 106 87 92 94 87 109 101 102 97 105 106 83 70 88 80 98 107 103 108 107 114 108 106 100 99 94 106 110 110 105 65 111 97 110 49 81 107 109 106 95
109 108 94 91 90 96 77 91 96 103 90 65 66 58 96 89 105 62 109 88 94 106 99 104 104 87 104 102 110 97 89 85 84 104 91 106 92 90 105 80 103 104 92 40 96 99 103 79 88 104 95 100 105 61 101 75 101 56 101 89 85 89 87 92 94 91 98 98 86 81 68 64 94 99 97 91 100 93 110 104 101 107 100 101 97 104 109 97 91 107 84 81 106 84 99 82 107 59 99 105 105 63 98 103 105 102 108 111 93 72 44 44 104 110 91 94
95 103 105 98 93 88 71 75 89 100 108 64 85 101 93 104 106 99 111 78 96 106 106 100 92 113 82 110 102 109 97 77 67 104 89 111 101 109 110 95 105 103 98 60 79 109 110 78 110 106 99 103 101 89 71 111 104 85 91 110 95 101 92 105 109 102 79 110 94 96 90 103 99 111 111 82 109 97 91 107 107 110 99 88 79 106 102 92 98 90 83 100 110 106 109 113 109 92 98 101 106 94 98 115 108 109 104 114 111 101 100 67 113 112 96 71
111 111 110 110 100 109 109 107 104 111 107 84 96 112 109 98 106 95 110 110 107 113 114 111 113 111 111 111 106 113 110 103 107 114 113 110 108 107 113 108 109 111 109 112 110 112 105 99 111 112 106 112 70 57 111 113 114 40 112 108 109 111 109 110 110 110 105 111 104 109 106 99 107 109 111 113 113 107 108 111 114 113 111 110 107 110 104 111 111 103 108 113 115 97 106 109 111 110 107 107 109 107 109 113 112 108 115 113 112 115 23 109 113 112 115 31
89 94 104 101 101 86 87 95 89 92 98 98 63 81 94 99 91 81 107 104 100 111 98 111 83 105 92 106 66 97 79 86 78 108 94 106 90 99 103 86 94 97 99 96 105 105 83 71 94 103 94 109 43 64 72 84 73 40 93 99 86 88 88 91 88 94 85 107 75 99 64 95 99 97 112 69 105 91 99 103 105 109 96 93 92 103 79 105 67 82 80 88 100 83 101 110 99 93 98 101 99 96 105 107 105 66 92 101 99 75 41 80 73 76 106 42
106 100 85 88 66 68 77 86 83 104 96 75 90 93 77 87 99 93 99 106 89 91 95 74 69 89 81 99 105 81 95 86 85 107 98 77 71 87 102 60 84 84 98 70 106 97 105 97 102 102 102 110 89 88 103 108 77 56 101 105 82 98 75 97 96 104 76 88 85 96 87 82 77 103 107 94 100 89 93 98 93 102 96 64 54 80 99 92 81 103 90 85 111 58 84 100 108 100 67 79 92 98 101 105 102 93 102 105 105 103 54 38 96 98 88 74
101 105 94 95 93 77 90 87 73 100 84 94 89 94 92 94 83 71 104 106 89 84 70 90 91 101 105 105 70 105 87 58 96 101 65 104 91 96 105 82 80 93 97 82 99 104 98 99 105 104 88 109 44 73 76 92 80 59 74 101 83 93 90 76 74 97 77 98 82 95 87 83 90 94 102 78 107 103 101 97 90 102 91 99 81 100 58 80 78 55 86 95 79 86 99 99 103 88 76 102 101 90 110 101 96 62 60 106 97 73 25 24 81 95 93 82
107 111 108 114 112 111 111 110 107 106 106 109 109 106 107 109 108 104 113 112 102 100 108 103 108 111 110 109 111 97 104 106 107 110 105 76 96 95 110 109 111 103 110 99 110 113 110 113 115 114 103 111 111 111 111 113 110 81 109 109 107 111 108 109 109 109 100 109 73 109 104 104 107 111 112 111 113 114 108 103 104 113 92 105 101 109 110 79 74 102 108 109 110 55 85 67 113 110 112 110 107 104 108 113 114 112 112 111 111 111 68 57 110 112 108 71
92 89 86 100 90 82 83 94 66 92 91 81 73 74 84 87 85 65 92 73 88 67 90 82 97 83 68 73 85 80 83 71 80 95 76 80 74 79 84 56 75 103 85 91 90 104 97 83 70 111 73 98 65 65 79 90 74 58 80 96 66 90 50 74 86 106 65 85 71 86 68 70 71 82 91 81 94 61 102 69 67 80 76 83 67 96 89 73 69 65 83 78 83 65 83 81 95 55 84 94 91 76 79 104 95 96 68 101 85 82 45 55 86 100 83 57
115 115 112 115 115 115 113 114 109 114 109 115 115 109 104 115 114 113 114 114 114 113 108 112 115 115 112 115 113 114 115 107 114 115 111 115 112 110 113 110 110 113 113 112 115 115 115 98 115 112 115 115 110 103 96 113 115 82 110 114 113 113 105 98 105 110 104 113 114 114 115 113 106 115 113 111 115 115 115 114 113 115 114 115 113 111 110 115 112 111 111 115 112 115 114 115 114 105 105 112 110 114 115 114 115 115 113 115 115 115 84 108 90 115 114 97
110 108 113 111 111 103 106 111 95 101 111 103 106 109 80 112 111 91 114 108 111 105 110 103 111 109 106 107 100 112 108 81 106 109 99 78 85 44 93 103 100 105 107 107 108 111 108 102 111 112 94 109 83 94 101 106 115 95 100 111 110 106 112 92 87 113 66 109 109 111 103 106 82 114 110 98 114 114 110 104 109 106 107 110 109 108 97 112 96 99 107 110 93 98 43 105 105 110 103 106 106 110 108 110 111 109 110 114 108 111 54 104 109 112 108 88
112 112 109 111 103 111 111 108 109 113 110 105 107 106 105 113 113 104 111 109 109 113 113 111 109 111 110 110 112 112 110 107 104 112 109 103 110 112 113 104 113 111 111 95 111 113 112 113 110 113 79 113 109 40 110 114 112 76 112 113 112 112 102 104 111 105 109 112 107 113 105 112 106 111 112 111 113 110 110 113 114 114 114 108 109 112 110 112 108 101 108 112 108 93 107 113 111 94 109 111 110 108 110 113 113 112 114 114 112 112 54 11 113 113 112 83
103 96 84 96 88 98 102 96 49 105 99 87 76 94 72 96 98 83 94 112 62 97 105 109 88 93 94 104 69 93 94 52 93 95 86 65 76 76 93 53 67 97 101 100 98 100 92 58 106 103 72 93 98 88 55 98 94 71 99 99 90 92 89 95 97 89 54 108 59 98 79 75 72 95 108 96 97 102 79 85 96 105 93 87 84 102 77 80 87 76 98 92 87 40 78 92 92 50 57 101 95 93 95 102 101 70 91 108 105 104 44 75 85 107 101 71
113 113 111 113 113 101 107 106 110 114 104 101 84 93 108 104 114 82 114 112 98 112 115 109 112 115 111 113 114 106 104 110 106 115 109 107 111 104 114 106 111 112 98 104 109 114 113 101 115 115 114 115 98 78 101 114 114 100 109 113 104 107 97 101 109 104 111 113 70 114 109 98 104 107 111 109 112 111 111 114 113 115 112 114 115 115 115 114 111 114 102 115 113 107 113 106 113 108 112 114 104 93 113 114 114 113 110 113 112 105 92 103 107 112 114 110
111 109 110 105 106 111 106 109 111 110 62 103 111 108 106 107 112 99 114 114 108 113 108 110 110 112 111 110 108 110 109 104 91 114 108 112 106 110 113 105 107 70 109 111 114 110 106 93 109 110 95 110 110 82 96 115 111 107 108 112 110 105 91 108 105 111 105 110 74 110 106 103 111 108 111 107 112 111 108 114 112 110 109 113 111 112 107 107 106 105 105 113 108 108 108 110 112 111 109 112 103 57 112 111 114 107 112 110 111 112 85 13 109 110 102 89
103 107 70 107 105 92 94 99 101 104 76 97 103 94 108 103 90 76 111 104 97 101 99 103 108 105 109 106 97 110 106 98 102 108 96 101 106 85 100 94 104 101 102 96 107 107 81 64 98 112 79 99 76 101 57 111 79 48 108 103 97 107 101 95 97 105 94 109 92 94 101 94 107 105 103 104 107 73 72 101 104 107 98 103 106 106 96 104 96 92 104 113 92 74 86 110 104 96 95 102 109 103 110 102 90 52 85 112 107 91 24 51 100 107 92 43
111 106 114 106 112 110 94 109 104 111 115 112 111 101 103 111 109 100 108 114 112 113 114 107 115 115 111 113 95 113 110 99 102 115 109 106 106 101 106 97 110 109 113 111 112 115 102 105 115 113 101 114 98 109 98 115 105 75 114 113 109 110 110 106 110 110 77 111 109 110 108 108 101 108 114 112 114 106 108 115 115 115 115 115 107 112 96 109 107 99 111 114 112 82 108 105 100 88 108 114 114 105 111 115 115 94 114 115 106 109 90 95 111 115 110 82
107 106 106 98 98 92 92 105 104 110 96 112 108 107 107 104 110 89 105 109 109 113 99 112 98 101 105 101 101 110 106 103 72 112 105 110 108 104 113 111 113 109 105 109 108 114 105 99 113 113 86 113 112 104 93 111 107 79 111 108 100 78 58 101 105 101 108 111 75 112 111 106 109 109 111 108 111 109 97 114 107 114 113 110 110 111 108 112 92 110 64 109 109 87 106 101 112 108 110 111 109 106 114 114 109 107 108 111 60 112 89 49 102 113 110 99
89 100 106 104 105 75 86 97 90 87 98 110 98 106 101 103 101 98 108 106 112 94 80 95 96 105 85 108 85 108 78 78 72 99 85 100 102 97 103 94 98 102 95 102 111 90 94 104 101 92 71 64 80 76 69 103 69 40 95 103 105 97 108 99 100 101 86 103 89 106 102 108 103 103 107 103 110 95 89 101 90 105 87 95 85 99 92 103 81 103 54 111 95 81 93 100 91 94 103 102 105 102 109 98 103 77 68 89 108 103 57 61 102 82 53 59
102 103 108 95 100 97 95 94 80 86 99 87 92 87 98 99 103 90 104 104 101 108 97 107 105 99 97 105 88 107 100 79 85 106 65 106 94 75 84 93 88 87 91 87 89 108 87 75 109 114 96 108 97 83 59 110 69 46 99 73 104 99 97 96 90 100 89 109 88 80 93 87 94 91 107 104 108 87 85 105 92 111 101 102 97 109 74 102 105 94 93 104 84 79 95 88 81 97 90 105 89 97 109 100 99 75 95 91 82 75 54 83 73 104 39 62
114 114 113 114 113 114 114 114 112 113 112 112 114 112 112 110 113 112 114 112 112 114 114 114 115 114 114 112 113 114 114 113 111 113 112 113 112 112 114 110 112 110 111 93 112 115 114 115 114 115 114 115 114 114 114 115 110 114 114 114 114 114 112 114 114 113 112 114 112 114 114 111 112 112 113 112 114 115 114 114 113 115 115 115 113 114 112 115 115 113 115 115 113 114 114 114 114 112 112 113 112 111 114 114 113 114 114 114 114 108 36 76 113 115 114 85
104 108 103 75 88 105 96 100 96 97 110 89 111 107 98 107 108 97 109 107 93 97 94 102 103 109 100 104 109 102 88 79 81 112 90 98 101 97 102 103 105 92 106 83 110 108 94 105 109 110 89 114 76 95 80 110 95 28 109 103 95 94 88 101 103 103 87 110 89 105 105 99 106 103 103 71 108 102 102 109 95 110 92 94 95 105 107 97 93 89 96 111 111 100 99 98 83 100 105 97 107 93 109 104 106 95 115 114 109 105 47 52 104 111 113 88
107 108 111 107 110 97 78 94 102 104 107 102 107 107 104 105 106 87 100 98 72 86 99 83 100 107 92 100 103 104 103 102 91 108 99 86 98 103 106 99 106 103 98 89 102 107 105 36 106 92 60 108 105 56 72 107 100 26 105 100 103 100 95 91 96 91 99 110 101 107 103 80 103 105 110 89 105 102 99 96 100 103 87 95 92 81 105 107 97 103 76 103 99 68 106 105 109 104 107 108 96 101 109 105 107 64 113 102 88 110 23 74 99 109 88 57
81 79 86 79 68 69 91 75 74 69 69 96 90 71 59 86 83 83 65 69 72 89 88 80 85 96 82 108 85 90 61 57 70 103 85 73 63 45 84 59 68 88 85 70 67 91 82 86 92 97 82 102 92 77 82 94 83 88 75 76 61 74 72 59 80 84 67 78 40 100 84 71 89 80 88 99 88 70 91 88 89 88 88 86 83 87 81 78 56 67 67 97 98 95 64 73 99 73 82 98 84 86 86 93 82 84 93 101 80 98 86 81 71 86 103 82
106 71 112 81 80 104 93 103 95 105 95 73 98 87 104 104 102 60 107 104 103 104 89 102 104 112 94 109 109 105 87 99 52 86 66 107 100 103 108 87 98 104 94 97 102 111 113 106 110 99 105 113 107 93 92 113 110 98 113 105 86 114 62 104 96 101 95 115 109 106 99 53 102 108 110 99 100 106 96 103 101 110 90 95 98 103 104 88 97 102 94 109 72 106 101 100 106 92 99 98 101 70 108 113 108 94 107 110 94 89 73 86 103 111 92 97
113 113 111 113 109 109 113 112 112 111 113 110 113 113 112 110 110 111 111 112 110 110 109 108 110 110 112 111 110 114 113 109 108 113 114 110 111 106 111 112 113 112 111 109 112 114 113 108 112 114 112 115 105 113 82 113 113 99 113 113 113 113 111 113 113 111 112 114 109 113 112 113 109 110 112 111 113 115 113 109 110 112 110 110 111 112 112 114 113 109 111 113 113 113 108 114 114 109 113 113 112 110 113 114 113 92 114 114 115 96 35 15 115 114 112 67
97 79 66 68 50 77 93 77 67 68 106 79 91 102 78 93 88 79 103 98 99 79 58 93 80 105 108 108 76 92 79 75 87 101 106 99 83 88 91 85 100 88 92 96 111 115 103 99 110 107 102 106 100 59 81 106 82 94 92 105 70 99 51 91 102 97 73 100 101 102 91 102 92 94 107 115 108 100 104 60 66 101 74 87 96 103 88 88 85 83 100 105 114 85 92 98 96 84 95 96 102 101 107 112 90 96 104 113 97 83 76 55 94 108 85 99
102 77 55 63 49 108 62 95 108 92 113 104 110 113 106 106 110 103 108 103 107 97 102 98 86 97 107 108 109 97 80 111 105 108 107 112 107 108 110 110 113 111 109 105 110 109 102 84 109 109 109 102 92 73 63 107 102 51 94 109 81 97 90 92 92 106 111 114 106 106 105 108 105 105 110 107 104 96 108 99 102 108 95 86 88 107 110 99 62 95 95 110 113 103 109 109 107 107 112 112 110 103 110 111 90 102 100 106 80 99 65 91 94 108 102 80
108 109 108 104 100 103 107 107 110 111 99 112 110 102 105 108 110 112 112 105 106 110 106 110 108 110 110 109 109 104 102 105 104 108 109 113 111 110 112 99 106 106 112 77 104 111 109 22 111 111 99 106 112 84 60 112 112 30 110 112 107 108 104 101 110 109 107 110 96 113 99 82 107 108 108 113 112 99 111 109 108 110 108 109 107 109 112 105 105 111 108 112 109 75 112 107 112 111 108 107 111 92 111 113 110 108 103 113 104 107 45 93 91 110 112 104
114 114 112 113 110 114 114 113 114 115 114 113 113 113 113 114 115 109 113 111 110 113 113 111 113 113 114 114 115 112 114 113 111 113 114 113 112 111 113 114 113 112 112 111 113 114 114 101 113 114 115 115 114 114 111 114 114 70 113 114 113 114 114 111 114 113 113 115 113 113 113 113 114 112 114 104 114 112 113 112 112 113 113 113 112 114 114 113 112 111 111 114 115 105 112 111 115 112 113 112 113 111 114 114 113 115 115 114 114 115 101 31 111 114 109 113
114 114 110 112 110 107 110 115 112 110 111 112 110 112 110 106 112 101 113 112 108 111 111 112 109 113 113 114 113 105 103 107 111 109 115 112 109 110 112 112 114 112 114 109 115 114 109 92 115 114 110 115 92 80 110 113 113 101 108 112 113 111 106 101 110 112 109 114 68 112 112 114 107 109 113 111 113 115 109 110 110 111 100 104 108 113 113 107 85 107 107 114 115 95 111 92 115 111 112 113 110 105 112 115 114 115 113 115 114 112 52 92 115 113 115 96
109 106 93 100 97 90 98 103 84 105 102 92 89 99 70 95 105 85 110 109 105 110 101 111 109 109 104 100 105 109 110 98 82 109 104 109 85 104 110 78 109 100 102 75 104 113 107 89 113 112 92 110 104 69 75 113 96 78 109 112 95 103 94 94 101 98 87 101 93 105 91 108 90 98 102 94 109 95 107 111 108 112 113 108 105 111 109 104 107 109 107 111 110 108 101 104 113 98 108 112 114 92 108 113 104 91 98 112 106 96 31 60 75 106 109 98
113 107 111 112 111 102 112 108 69 112 110 103 98 101 91 94 110 87 112 108 83 111 110 112 99 104 110 113 114 102 84 73 108 104 99 114 98 112 108 94 105 103 112 102 108 111 97 92 109 114 99 108 95 97 108 107 109 101 99 95 101 106 105 90 109 115 75 110 89 97 98 96 98 94 112 104 98 88 103 108 101 109 111 100 109 108 114 100 91 74 94 102 114 107 111 111 113 89 95 104 105 97 115 109 106 83 106 114 109 106 92 95 84 114 111 59
95 90 92 89 67 97 89 99 67 77 92 90 97 100 70 88 94 64 106 105 106 85 95 94 100 95 105 87 103 104 82 56 96 101 92 99 67 72 94 76 105 104 107 84 104 107 94 102 104 108 98 95 103 102 86 110 110 95 109 97 105 95 97 91 99 104 64 103 55 100 90 94 75 89 112 103 109 96 76 86 97 106 91 91 101 84 109 80 82 61 67 100 102 84 78 60 106 91 98 93 99 73 96 103 107 67 105 110 92 103 98 79 100 114 105 98
110 84 101 101 81 104 99 101 88 107 101 89 97 95 86 111 104 86 111 112 103 111 99 112 93 87 97 111 108 101 103 93 109 96 81 99 96 105 94 81 92 108 113 88 97 108 83 50 111 113 85 108 90 99 104 115 106 106 101 108 102 100 102 93 92 104 85 111 89 104 90 90 96 111 110 89 106 102 100 107 96 112 107 100 103 113 112 104 101 105 101 82 110 90 94 63 99 106 87 101 103 111 112 101 91 98 99 112 102 104 94 57 87 114 111 111
110 105 114 108 110 100 99 97 78 110 100 94 97 98 99 91 94 109 115 115 115 97 93 110 91 97 115 109 115 110 87 76 95 111 113 114 94 114 114 84 101 108 101 98 110 115 112 115 112 113 95 111 112 102 88 112 110 76 112 112 110 111 113 101 104 111 72 114 99 90 96 96 85 85 113 110 114 109 112 95 97 111 92 98 101 109 114 101 77 87 98 110 110 104 112 101 103 91 101 108 91 104 113 105 104 99 115 114 109 110 104 104 108 113 104 84
112 113 109 114 109 106 102 113 86 107 93 107 96 89 93 106 113 85 96 112 106 95 94 99 98 101 111 107 91 104 101 87 91 103 101 79 76 74 77 106 106 115 108 109 112 108 97 105 112 112 109 106 111 109 69 110 110 111 111 111 88 106 90 111 111 114 75 115 97 103 93 95 91 110 114 97 114 112 106 104 95 110 103 95 107 114 99 96 90 77 95 100 112 107 79 105 115 65 101 101 110 109 111 104 99 102 103 115 114 111 99 107 93 113 110 93
106 108 108 107 108 104 104 107 106 107 103 107 112 106 108 107 108 105 111 111 98 108 107 111 107 107 111 112 105 108 105 110 105 108 105 107 111 108 108 110 110 108 107 105 108 111 111 102 109 111 99 112 107 23 54 111 109 15 110 109 109 108 108 109 110 110 108 110 92 107 111 108 111 110 111 111 111 80 111 108 108 111 106 107 105 110 109 110 107 110 107 109 109 107 109 108 111 110 109 110 111 108 113 108 111 111 103 109 99 113 10 18 87 111 113 61
92 92 101 79 70 81 79 76 69 80 97 76 93 94 98 90 107 98 100 111 100 96 98 96 99 109 104 100 82 96 72 60 66 103 93 105 78 86 90 66 101 98 90 93 85 105 96 90 96 98 95 103 57 87 90 101 75 38 81 93 90 94 81 94 98 80 67 104 73 77 92 95 91 84 104 97 106 103 92 98 98 105 102 102 105 101 103 93 69 56 95 103 102 95 82 89 111 82 111 101 98 87 98 107 96 85 80 109 78 102 35 41 87 81 88 41
107 109 111 114 113 107 111 109 90 113 100 102 97 86 106 106 108 87 111 104 105 113 108 110 106 110 107 113 110 102 100 84 90 113 114 110 112 111 114 104 112 101 110 94 110 115 114 111 111 112 100 105 102 103 113 111 114 98 103 112 112 112 114 100 105 113 91 115 102 109 97 101 106 109 114 98 113 111 109 112 108 111 106 109 109 113 112 100 82 73 112 107 113 97 113 110 109 93 111 109 111 89 113 114 112 58 114 115 114 113 101 109 59 115 114 109
93 97 98 91 84 89 87 82 94 96 76 89 98 81 97 87 95 46 105 96 103 102 102 96 98 97 98 96 93 95 92 98 87 106 84 68 97 106 65 99 91 93 93 86 97 105 97 40 104 101 102 100 82 57 84 103 108 27 96 101 107 103 104 97 98 99 99 106 57 102 95 82 98 78 93 45 111 111 94 105 100 100 98 100 100 97 97 103 90 100 98 107 100 63 103 54 51 103 99 101 98 90 97 106 98 76 95 106 100 102 25 40 47 110 54 50
105 108 105 105 106 107 106 104 105 104 108 91 85 104 108 79 109 77 109 110 109 110 108 110 108 108 108 113 102 110 103 94 104 111 83 111 109 104 108 102 108 108 104 103 109 102 101 104 110 107 82 71 103 10 93 107 104 60 105 110 101 112 109 101 108 109 98 106 81 105 102 110 108 101 107 81 110 105 106 112 107 112 107 109 110 112 86 111 107 94 109 105 101 109 107 104 106 101 106 111 108 107 110 111 112 105 107 111 101 106 19 52 87 110 81 60
105 111 107 112 109 64 94 91 106 111 101 98 83 69 108 112 112 99 114 112 111 84 107 98 109 108 109 112 107 113 112 112 107 113 56 108 109 109 111 110 113 108 106 97 113 106 105 61 107 106 112 112 110 115 114 113 109 85 112 112 106 112 108 108 108 100 110 113 102 111 100 105 108 112 112 107 107 110 108 84 104 98 103 107 107 111 111 113 110 108 105 110 93 102 109 109 112 113 113 109 104 104 112 112 112 110 110 113 112 109 74 55 93 109 80 108
85 100 95 75 84 68 64 62 54 68 105 81 81 78 101 87 100 92 98 83 99 85 101 94 107 93 89 83 79 98 82 62 71 111 82 95 88 100 103 57 61 97 90 86 91 106 93 63 94 93 108 105 64 91 102 98 81 71 90 72 92 84 89 93 80 69 69 106 87 78 65 34 94 98 101 101 100 96 97 100 96 97 96 103 81 96 74 97 71 70 85 98 107 90 103 86 107 68 76 92 92 91 95 108 92 71 67 112 94 98 75 54 71 92 98 64
115 114 112 115 113 115 115 115 110 114 115 110 115 112 113 112 114 108 115 115 114 109 112 114 112 115 113 115 115 115 115 113 97 115 113 114 115 115 115 115 115 112 114 114 114 115 115 115 115 115 111 115 112 115 109 115 114 97 115 114 115 115 115 115 115 115 108 115 109 113 114 115 113 107 115 113 115 115 114 109 115 115 112 111 112 113 115 112 111 107 110 115 115 114 115 115 115 115 115 114 115 111 115 115 115 110 115 115 115 115 111 109 100 115 115 107
108 109 91 95 86 81 90 65 89 85 90 81 66 69 81 93 101 111 111 95 105 108 108 103 88 98 86 91 103 112 109 82 105 109 103 110 85 89 100 94 97 109 110 67 82 108 108 63 107 111 89 106 103 103 34 113 109 99 105 103 102 99 92 100 98 106 89 94 75 106 81 80 91 100 95 115 106 102 106 109 107 112 101 86 88 96 108 104 103 92 103 108 113 108 104 108 107 100 100 102 109 98 100 112 106 85 109 114 105 89 16 103 49 107 107 100
106 110 109 105 94 97 100 102 105 107 108 104 103 97 103 110 107 104 112 110 104 108 96 110 107 99 92 108 96 93 81 78 98 107 97 93 109 110 104 98 102 106 102 103 105 112 107 103 113 112 108 97 51 47 101 103 60 25 106 111 99 112 103 105 108 108 100 110 111 112 106 109 109 111 109 93 102 106 111 107 111 109 105 105 93 109 94 91 95 88 102 112 108 75 108 83 78 100 100 108 103 106 98 109 106 63 108 113 97 80 40 57 100 88 90 34
113 113 112 112 110 113 111 112 110 114 111 112 114 103 109 112 111 104 111 112 113 114 112 114 114 114 111 114 111 114 112 112 111 113 112 114 109 113 113 107 110 113 110 113 112 114 114 110 112 114 114 114 115 12 115 114 112 71 113 114 114 114 114 111 112 114 111 113 114 114 114 112 113 112 113 112 114 110 112 114 113 114 113 113 110 112 113 114 112 111 112 114 114 109 114 113 100 107 110 112 109 112 112 114 114 111 113 114 112 114 74 113 112 114 110 89
103 110 106 102 103 99 96 97 88 83 106 84 89 98 105 96 106 99 109 109 96 113 109 112 103 107 102 114 103 104 94 91 103 109 101 106 104 108 111 88 100 107 111 110 91 114 113 109 115 115 103 109 76 84 97 112 102 59 103 104 90 106 71 98 99 108 93 111 98 97 94 108 101 96 108 101 113 113 111 114 107 115 109 100 73 114 102 100 82 86 99 108 106 83 112 92 106 101 102 107 107 107 105 115 105 102 112 115 114 104 52 83 99 113 80 61
112 114 112 113 114 111 109 112 113 112 110 112 112 113 113 98 113 104 114 110 113 113 111 113 115 114 115 115 113 112 109 109 113 114 115 110 112 106 114 113 114 112 112 114 113 115 114 113 115 115 112 114 115 110 112 115 115 115 114 113 95 115 107 109 114 112 112 114 71 114 109 115 115 101 115 112 114 101 108 113 112 113 113 115 114 113 115 112 107 112 112 115 115 112 113 110 114 114 115 115 115 112 114 115 115 112 111 115 114 115 95 97 114 114 111 94
100 113 109 107 105 100 102 110 84 101 102 101 104 114 98 100 101 68 113 113 109 108 87 102 99 113 105 109 92 98 92 86 95 110 76 80 104 102 96 101 90 109 107 109 103 115 94 115 110 109 104 108 90 97 70 101 101 44 96 112 90 99 98 103 103 107 98 108 109 95 78 93 106 97 110 83 104 112 106 111 100 113 99 103 110 102 95 98 92 81 80 101 99 69 105 89 91 106 99 107 95 101 109 107 110 90 114 114 112 95 68 61 50 96 97 101
111 109 98 108 99 108 107 106 97 106 99 103 101 95 111 107 110 94 109 109 111 107 99 107 97 106 102 109 107 111 111 98 106 110 110 110 110 109 111 102 106 106 111 102 112 111 110 100 113 112 94 110 16 52 72 112 112 97 110 109 104 110 108 111 109 110 101 113 100 107 106 107 110 110 110 108 111 110 111 108 109 111 92 93 75 110 111 82 88 93 106 112 111 107 110 111 112 110 109 112 107 109 110 111 108 101 112 113 108 104 12 72 109 110 111 66
100 78 90 95 78 81 85 99 68 97 88 73 60 53 97 85 90 70 104 106 98 73 80 65 63 61 61 85 77 61 78 64 69 93 77 87 87 97 90 79 87 94 95 85 104 105 102 66 78 87 85 101 63 72 63 105 74 65 88 98 65 97 74 97 94 101 75 93 85 88 71 60 89 90 98 88 104 94 98 79 98 81 61 49 74 68 64 59 88 74 77 84 97 83 95 90 96 68 83 89 104 99 108 104 99 77 86 101 94 109 49 59 79 106 91 54
111 103 90 114 95 112 106 100 102 114 98 78 101 108 111 91 113 91 114 111 115 113 114 115 115 115 114 115 76 109 109 94 94 115 108 105 112 111 114 106 108 112 111 113 114 115 113 98 115 115 107 112 109 101 108 110 112 106 102 109 107 110 101 109 106 113 97 115 102 105 104 113 113 97 112 105 113 110 114 115 113 115 114 115 110 115 86 108 102 98 111 115 112 91 114 109 107 106 95 111 110 114 113 115 109 113 112 113 115 109 90 89 106 112 101 109
113 108 111 95 97 104 82 109 104 98 100 99 108 112 103 104 109 94 109 104 107 113 108 112 96 112 93 108 110 97 81 86 109 111 112 109 98 100 106 103 107 90 99 101 110 110 104 83 108 115 106 93 72 86 85 104 107 95 111 110 114 112 111 96 85 106 99 115 96 103 107 99 108 105 111 91 110 97 113 113 106 111 108 108 99 106 108 96 82 78 108 108 113 99 112 108 109 82 105 101 100 104 111 111 99 94 102 115 94 85 84 57 106 108 74 96
107 99 111 94 98 102 108 99 104 94 111 87 89 110 106 78 109 70 110 97 102 80 95 87 99 111 92 104 98 109 105 107 96 113 89 107 106 104 112 97 100 110 95 99 103 114 112 108 113 109 106 113 113 113 106 115 114 107 112 109 102 109 112 112 108 108 87 103 91 96 104 113 113 102 114 99 110 109 101 91 98 98 83 88 89 97 109 110 110 104 108 107 106 102 113 101 114 86 91 110 108 108 113 111 111 108 115 114 96 111 80 92 114 115 110 97
112 113 111 113 113 107 100 112 107 111 104 109 109 111 108 111 112 103 113 113 112 113 101 106 99 111 108 110 113 108 101 91 109 112 114 110 110 112 110 112 112 109 111 103 108 111 113 103 113 110 107 109 96 112 111 113 113 30 111 111 112 110 111 104 110 109 90 113 109 112 110 109 105 112 113 109 101 96 106 111 111 113 103 101 91 95 113 113 113 112 107 112 113 99 112 111 107 112 112 111 112 104 110 114 112 90 108 111 111 111 18 99 86 110 92 105
110 109 110 110 109 106 111 110 107 114 110 111 113 101 102 112 89 79 110 107 114 107 105 109 109 112 110 111 106 111 112 109 99 115 81 109 111 109 112 107 109 110 110 81 110 110 108 105 110 109 109 112 88 90 98 114 110 74 110 112 111 111 107 108 106 108 98 114 112 111 112 107 102 112 112 107 113 101 104 108 111 112 107 109 108 109 111 112 105 108 113 114 97 110 110 114 112 109 111 109 110 105 111 112 111 104 110 114 112 57 31 44 104 111 106 98
109 107 112 114 72 107 99 96 102 110 47 75 75 48 103 96 108 110 110 113 108 105 104 106 106 114 103 104 110 103 106 98 56 110 108 112 100 102 106 109 100 113 115 115 107 108 110 49 114 101 106 110 111 105 106 114 107 111 100 113 102 110 110 95 99 105 104 108 49 91 91 75 103 101 111 111 113 114 110 110 106 107 97 104 107 108 111 100 101 99 113 110 112 110 102 106 108 107 103 112 108 98 106 110 114 109 101 108 105 98 91 62 111 108 111 105
110 93 106 98 110 109 109 115 91 103 111 104 102 99 100 109 109 99 112 113 108 111 93 103 100 111 113 109 103 104 98 90 99 92 81 111 87 89 110 80 104 112 113 107 103 113 104 103 113 111 107 113 108 67 102 112 101 34 106 106 109 103 111 109 109 114 96 107 110 109 100 97 100 110 107 96 114 113 109 110 93 111 102 109 105 112 106 82 93 86 98 90 108 92 90 111 111 97 109 111 111 107 112 113 104 103 103 113 106 105 51 51 99 111 110 93
89 98 88 89 77 90 63 100 58 86 98 90 78 93 82 90 86 79 106 99 108 93 87 91 80 87 83 91 73 68 54 58 86 105 99 93 61 74 104 75 96 101 107 92 96 102 94 93 101 88 105 111 88 98 94 97 75 75 97 106 87 109 97 85 95 97 55 81 97 100 97 95 76 106 107 82 103 100 101 89 91 94 83 71 82 91 82 89 70 53 92 101 109 94 78 96 100 77 96 97 103 84 88 100 89 77 113 105 86 96 56 66 61 95 91 60
111 110 99 110 109 112 108 112 108 110 101 111 109 74 112 114 111 104 107 112 107 111 105 110 109 110 105 112 109 108 108 111 110 115 95 101 111 111 107 105 111 114 111 75 111 113 111 100 113 113 112 114 110 79 99 114 100 57 111 113 93 111 101 109 107 107 107 110 102 113 111 98 109 113 108 112 113 110 112 112 109 114 106 103 101 111 109 111 107 105 108 114 111 102 111 104 107 106 109 113 112 115 114 113 112 102 112 112 115 111 62 40 100 110 113 57
104 90 108 98 107 106 103 108 95 108 110 95 95 96 104 95 103 51 107 106 97 111 66 111 98 109 106 111 100 96 99 91 101 63 100 105 94 96 94 88 95 109 104 106 107 107 104 90 107 108 96 112 72 92 91 114 105 78 102 108 105 100 92 105 97 98 99 109 107 104 91 107 105 98 104 103 113 104 105 110 80 111 108 112 104 107 101 107 96 104 96 72 111 96 108 109 100 102 101 106 104 108 112 109 96 94 110 107 104 109 35 48 54 109 93 79
105 99 100 104 99 102 98 106 74 88 105 93 98 94 92 94 85 88 108 107 101 97 96 100 104 97 102 110 91 99 80 63 70 103 90 106 86 94 96 83 80 65 95 75 106 112 108 89 110 111 97 102 66 61 109 90 89 86 110 94 109 100 107 81 94 102 71 107 96 95 79 89 87 92 107 77 97 100 108 95 94 99 98 100 80 113 106 98 84 70 84 90 110 112 81 95 106 95 80 101 107 89 112 111 110 69 111 105 96 103 89 102 54 94 114 61
73 107 104 96 102 85 94 106 98 72 100 91 105 100 89 93 107 92 108 105 106 105 104 103 102 103 96 108 96 91 48 78 97 104 105 106 108 99 105 83 105 106 108 96 103 113 109 51 110 112 93 105 94 99 56 100 105 62 94 100 88 100 63 104 106 107 91 101 100 95 95 98 103 91 105 96 110 103 106 106 99 106 105 106 101 109 104 84 48 74 89 97 113 100 108 104 107 75 108 100 103 98 109 108 111 106 85 108 89 112 55 54 85 98 107 70
113 114 111 112 108 106 110 110 111 113 104 109 111 109 107 109 113 100 112 112 108 110 95 101 91 113 112 113 113 109 106 109 111 114 105 112 103 111 112 111 111 113 113 109 111 114 111 113 112 114 99 108 103 97 107 110 97 81 113 115 108 113 113 87 108 111 111 114 97 111 110 108 111 112 112 101 112 105 112 108 109 113 80 95 89 113 112 113 111 111 111 114 111 109 112 115 109 111 110 108 111 94 113 114 114 98 103 114 107 102 47 40 101 102 103 103
111 109 113 108 114 110 113 112 111 107 113 109 114 114 110 109 108 110 113 113 108 112 111 112 111 111 115 114 114 112 109 107 107 111 114 110 110 114 110 109 110 113 111 113 114 114 114 95 112 113 92 114 58 84 114 115 115 35 114 111 111 109 113 108 110 110 111 113 112 113 112 109 111 109 108 112 115 115 113 111 111 114 110 112 114 112 111 112 112 109 109 111 115 112 112 113 112 108 110 110 110 114 115 115 114 106 100 115 112 115 73 102 113 115 107 53
101 79 85 75 43 80 91 77 78 100 96 54 101 89 100 96 92 73 104 106 100 92 96 87 82 102 88 98 79 100 100 85 48 100 86 93 96 86 92 66 86 104 78 87 105 106 88 94 108 97 97 98 64 85 107 104 93 70 99 68 82 67 41 69 99 102 74 114 106 49 104 97 96 87 101 83 107 105 101 92 101 96 92 78 90 93 77 78 95 75 73 97 87 95 87 90 84 74 88 112 90 93 97 103 95 106 102 107 90 82 40 78 111 103 101 90
106 113 89 110 102 104 112 105 101 105 107 63 109 104 111 108 96 97 104 111 106 109 107 106 101 112 108 110 95 107 102 92 65 107 98 100 112 101 110 109 108 114 106 55 107 113 103 103 108 103 104 111 110 65 111 112 102 77 105 112 109 112 103 108 107 111 99 102 110 106 104 106 110 110 114 89 111 114 109 107 109 111 101 106 108 103 104 106 105 94 89 113 103 95 107 107 109 114 107 105 112 62 110 111 112 108 111 109 102 108 61 85 103 103 62 57
85 95 106 68 88 65 101 105 88 92 101 97 94 101 99 96 100 67 103 99 89 79 97 105 82 101 94 107 81 89 77 96 102 105 111 100 102 102 107 94 99 80 105 90 88 112 112 105 103 106 108 113 64 94 85 108 46 110 104 110 101 104 98 109 109 110 100 111 94 103 97 101 101 101 103 54 105 100 95 74 101 108 112 104 101 101 93 110 57 97 72 106 112 94 109 97 107 93 98 94 100 96 110 105 96 97 108 114 112 73 51 96 108 97 68 93
105 111 109 101 105 101 109 107 93 109 109 99 100 103 106 104 110 77 112 113 110 115 112 108 106 111 109 108 92 111 98 70 88 101 89 86 105 90 79 99 95 95 101 107 108 109 102 102 113 113 68 104 85 103 87 112 111 62 100 108 112 95 104 103 109 109 90 113 107 108 104 108 111 111 109 106 115 113 112 114 112 113 103 98 103 101 86 99 101 88 92 107 90 73 101 90 76 103 97 109 98 96 108 100 89 106 114 108 100 101 67 81 111 114 88 73
105 104 95 103 86 96 98 87 65 92 91 96 96 95 94 110 90 91 100 108 101 100 97 99 107 111 109 112 101 101 92 63 86 110 90 108 93 104 112 75 74 79 107 55 94 111 107 53 109 108 112 111 98 109 75 113 97 60 110 104 103 99 92 103 93 94 80 110 94 108 108 105 103 111 102 104 111 94 107 104 105 110 93 105 110 102 101 102 99 74 98 108 107 87 106 107 111 98 86 95 109 103 108 112 108 83 94 110 105 82 31 89 67 110 108 93
115 115 115 115 115 113 114 115 114 115 114 112 111 115 115 112 115 103 115 115 111 115 109 110 115 115 115 114 88 115 115 115 115 114 87 113 114 112 111 114 115 114 115 107 115 115 112 99 115 115 115 115 112 110 110 115 115 101 106 115 112 115 115 112 114 115 112 115 115 112 109 112 115 112 115 108 115 113 113 113 113 115 105 106 115 110 78 106 109 114 113 115 109 107 115 112 106 115 115 115 115 115 115 115 111 113 114 115 113 113 100 102 113 115 112 112
115 115 115 115 115 111 112 115 114 115 115 112 109 110 115 115 115 114 115 115 114 115 115 115 114 115 115 115 115 115 114 112 108 115 115 115 115 111 115 115 115 115 115 111 114 115 115 113 115 115 112 115 112 115 108 115 115 115 115 115 112 115 106 106 111 108 112 115 115 112 109 107 113 115 115 114 115 115 115 115 115 115 115 114 114 115 115 114 107 107 115 115 115 115 111 113 115 115 115 114 115 115 115 115 115 114 115 115 114 113 114 110 112 114 108 113
114 109 110 111 97 113 115 115 112 105 113 113 112 99 113 111 109 115 115 113 115 111 107 112 114 110 111 112 114 111 111 110 111 110 112 113 111 111 111 114 114 114 112 114 113 115 115 99 113 114 114 115 103 77 110 115 115 83 113 112 115 113 113 115 115 115 115 113 112 115 112 111 114 113 112 113 114 111 114 111 111 114 108 111 110 113 113 113 114 110 113 113 115 113 113 113 114 114 113 114 113 113 115 115 115 115 112 115 108 104 45 112 114 115 114 112
112 115 114 114 115 112 112 115 111 107 113 114 107 90 112 112 114 111 112 113 106 115 111 115 112 115 113 113 113 110 112 105 115 113 111 111 113 110 113 108 113 113 115 71 113 114 113 108 113 115 107 114 115 106 86 114 111 107 111 114 114 114 115 110 112 115 113 114 58 113 111 105 111 115 114 105 114 111 115 114 114 114 113 112 111 114 113 112 112 110 113 114 111 109 110 113 114 110 115 111 109 86 114 113 115 102 113 114 114 108 92 87 111 109 114 101
114 111 111 113 104 113 113 110 107 106 99 105 104 87 110 112 112 112 112 114 103 105 103 84 112 113 113 114 111 108 107 96 99 112 112 106 108 108 115 112 111 114 114 100 113 115 97 88 114 115 107 111 115 104 107 113 106 61 110 114 107 115 109 99 114 114 101 115 106 107 107 108 112 113 113 108 113 106 114 109 111 115 101 98 91 101 113 109 102 105 108 113 114 111 111 107 115 111 113 112 114 108 115 111 108 114 113 115 114 111 95 102 108 115 97 102
100 94 93 85 78 68 79 71 77 104 85 81 101 86 94 103 90 74 96 101 69 93 98 102 100 103 99 103 78 100 90 74 83 97 72 88 82 59 95 70 75 86 103 63 93 105 96 49 102 104 87 100 91 95 30 107 79 58 90 106 105 89 69 95 84 90 74 100 63 87 87 83 103 106 100 99 85 95 94 96 94 99 93 94 87 104 79 82 88 81 85 96 99 91 68 82 105 69 78 98 95 71 107 99 90 95 75 100 88 94 22 64 34 84 57 29
109 112 106 112 110 104 112 107 108 110 107 109 108 104 110 109 112 84 111 107 110 109 105 110 109 108 105 110 100 111 104 82 103 110 103 105 109 99 94 108 111 111 111 102 111 114 113 49 111 110 113 103 33 97 94 107 105 32 107 112 96 114 107 88 108 112 106 112 106 109 109 104 106 111 112 88 114 105 103 109 111 111 105 103 104 109 103 103 94 104 107 111 110 95 99 114 84 107 111 106 111 108 109 113 114 108 105 111 112 92 24 102 109 111 106 100
