52.6897
43
49.1897
52.3103
54.6207
54.2586
49.7931
51.7069
56.6207
53.8276
49.1034
50.8103
51.1034
46.9828
54.2759
48.1034
50.5862
50.4655
51.2069
46.931
47.1552
43.5
54.3966
55.5
47.3966
49.3103
57.8103
43.6034
43.3448
46.2586
48.8276
45.1379
51.0862
51.5345
52.1724
49.4828
42.4138
47.6379
51.069
49.5517
51.4828
48.0172
46.2586
47.569
56.6552
51.1552
47.7759
56.7931
45.569
49.3103
55.6552
49.9138
52.1724
50.0862
48.2931
48.2241
52.3276
52.3448
45.9138
47.4483
56.4483
47.0862
47.0172
50.9138
50.1034
49.0517
48.4828
52.7931
46.3966
52.5
55.4655
47.6552
53.0345
51.5172
50.3966
52.7414
45.569
49.3276
46.2759
46.0172
54.1724
47.6379
50.2586
48.431
51.6897
43.7759
46.6897
49.431
50.3276
54.3448
50.6379
48.8103
49.1379
46.3793
49.2586
53.6034
45.5172
44.9483
44.2586
52.6207
40.8793
56.1207
51.7241
53.9138
44.6207
54.2069
53.4655
48.7069
54.069
51.9483
47.0517
46.5345
56.1552
48.7586
48.3103
40.5
49.569
54.8966
46
50.2586
52.3276
56.431
54.4828
50.2069
51.4483
46.6034
49.8448
51.7931
51.2931
52
44.8276
53.3276
45.1552
50.4138
52.3966
43.6207
57.1034
48.0862
49.3103
55.6379
50.6379
55.8793
49.9138
52.1034
42.0862
53.8793
51.1207
52.1379
53.8621
53.6379
51.3966
51.5345
44.5517
53.3276
49.4138
47.5517
48.1552
53.8966
55
44.6724
51.8621
48.6207
51.1552
48.8793
56.3621
57.2414
56.0345
55.1897
54.431
43.3448
52.6207
