52
43.6034
50.0517
51.0862
53.6724
53.7759
49.2759
50.7586
55.5345
52.6207
48.5172
50.069
50.3103
46.2414
53.9655
47.3966
50.7586
50.3448
51.3621
47.9828
46.3966
43.0345
53.4828
54.4655
47.0517
48.5345
56.7414
44.7241
43.7069
47.8793
48.5
46
50.431
51.2069
51.2586
49.1552
41.8966
47.1897
51.1552
49.8793
51.1034
47.8793
46.4483
47.8448
55.9483
50.2931
48.1207
55.7586
44.9655
47.7931
54.8276
50.1552
51.8793
49.3793
48.8103
48.4138
51.1552
51.7414
45.5172
47.3966
55.5
47.3793
46.8103
49.9828
49.5
49.7069
47.7759
51.569
45.569
51.7931
54.6724
46.4483
52.2069
50.6897
49.6897
51.5
44.6552
47.6552
45.5345
45.4138
53.431
47.7586
49.6379
48.2414
51.1552
43.431
45.8276
48.5345
49.5
54.3621
49.9828
47.8103
47.4828
45.8276
48.6552
52.5172
45.4483
44.9655
43.9138
52.1379
40.1034
55.2586
51.2759
53.1379
43.2586
53.9138
52.1034
47.2586
53.3103
51.6724
46.5517
46.069
55.6897
49.7931
47.8103
40.5517
48.5172
54.2586
45.5172
49.2069
51.8793
55.1724
54.1724
49.9828
50.7241
46.2759
49.3621
51.2931
50.5
51.6724
44.7586
52.5172
45.1207
50.6552
52.2069
43.4138
55.9828
48.6034
49.4138
54.7586
50.2931
55.6034
48.8966
51.1552
41.5
53.5345
50.6724
51.1207
52.7414
52.069
51
50.8276
44.2414
52.7414
49.6379
47.0862
48.3793
52.9138
53.931
44.6379
50.6897
47.6897
49.7414
48.5345
55.4828
56.3448
55
54.9138
53.6034
42.9828
51.1379
