5.31034
15
8.81034
5.68966
3.37931
3.74138
8.2069
6.2931
1.37931
4.17241
8.89655
7.18966
6.89655
11.0172
3.72414
9.89655
7.41379
7.53448
6.7931
11.069
10.8448
14.5
3.60345
2.5
10.6034
8.68966
0.189655
14.3966
14.6552
11.7414
9.17241
12.8621
6.91379
6.46552
5.82759
8.51724
15.5862
10.3621
6.93103
8.44828
6.51724
9.98276
11.7414
10.431
1.34483
6.84483
10.2241
1.2069
12.431
8.68966
2.34483
8.08621
5.82759
7.91379
9.7069
9.77586
5.67241
5.65517
12.0862
10.5517
1.55172
10.9138
10.9828
7.08621
7.89655
8.94828
9.51724
5.2069
11.6034
5.5
2.53448
10.3448
4.96552
6.48276
7.60345
5.25862
12.431
8.67241
11.7241
11.9828
3.82759
10.3621
7.74138
9.56897
6.31034
14.2241
11.3103
8.56897
7.67241
3.65517
7.36207
9.18966
8.86207
11.6207
8.74138
4.39655
12.4828
13.0517
13.7414
5.37931
17.1207
1.87931
6.27586
4.08621
13.3793
3.7931
4.53448
9.2931
3.93103
6.05172
10.9483
11.4655
1.84483
9.24138
9.68966
17.5
8.43103
3.10345
12
7.74138
5.67241
1.56897
3.51724
7.7931
6.55172
11.3966
8.15517
6.2069
6.7069
6
13.1724
4.67241
12.8448
7.58621
5.60345
14.3793
0.896552
9.91379
8.68966
2.36207
7.36207
2.12069
8.08621
5.89655
15.9138
4.12069
6.87931
5.86207
4.13793
4.36207
6.60345
6.46552
13.4483
4.67241
8.58621
10.4483
9.84483
4.10345
3
13.3276
6.13793
9.37931
6.84483
9.12069
1.63793
0.758621
1.96552
2.81034
3.56897
14.6552
5.37931
