0.0775862
0.206897
0.0344828
0.0603448
0.0344828
0.0172414
0.0948276
0.0344828
0.00862069
0.0172414
0.0258621
0.0517241
0.0431034
0.0517241
0.00862069
0.0775862
0.0689655
0.103448
0.0172414
0.215517
0.0517241
0.155172
0.0258621
0
0.0689655
0.258621
0
0.163793
0.189655
0.155172
0.0862069
0.0689655
0.0431034
0.0517241
0.0517241
0.103448
0.0775862
0.0775862
0.112069
0.181034
0
0.0775862
0.103448
0.137931
0.00862069
0.0689655
0.189655
0.00862069
0.232759
0.0172414
0
0.0172414
0.0603448
0.163793
0.0431034
0.275862
0.0172414
0.103448
0.0689655
0.155172
0.00862069
0.0689655
0.0603448
0.0431034
0.0517241
0.12069
0.0862069
0.0775862
0.0344828
0.00862069
0.0172414
0.189655
0.0172414
0.0689655
0.0775862
0.0172414
0.0775862
0.12069
0.206897
0.0689655
0.0344828
0.0603448
0.0172414
0.0517241
0.0775862
0.137931
0.163793
0.0689655
0.0689655
0.0517241
0.0862069
0.0431034
0.0948276
0.0517241
0.172414
0.0344828
0.224138
0.0775862
0.12069
0.0689655
0.198276
0
0.0431034
0.0258621
0.103448
0.0172414
0.0344828
0.103448
0.0344828
0.0689655
0.224138
0.112069
0.00862069
0.0948276
0.0689655
0.293103
0.0775862
0.0172414
0.155172
0.112069
0.0603448
0.00862069
0.00862069
0.0517241
0.0172414
0.172414
0.0431034
0.0431034
0.0258621
0.0775862
0.198276
0.0689655
0.189655
0.0862069
0.0862069
0.258621
0
0.0603448
0.0775862
0.0172414
0.103448
0.0258621
0.12931
0.0344828
0.12931
0.0344828
0.0172414
0.0689655
0.0258621
0.0431034
0.0517241
0.0431034
0.224138
0.0344828
0.0948276
0.0862069
0.362069
0.0172414
0.0344828
0.12069
0.0775862
0.258621
0.0862069
0.0862069
0
0
0.00862069
0.0258621
0.00862069
0.12931
0.0517241
