103.741
85.75
98.319
102.474
107.345
107.078
98.1207
101.517
111.172
105.483
96.681
99.931
100.466
92.319
107.25
94.5345
100.388
99.8707
101.629
93.9569
92.6207
85.6466
106.905
109
93.5259
96.8966
113.569
87.3879
86.1552
93.2241
96.3879
90.2069
100.586
101.784
102.448
97.7155
83.4052
93.8966
101.284
98.5086
101.621
94.9397
91.7845
94.5
111.629
100.552
94.9655
111.569
89.6034
96.181
109.509
99.1293
103.078
98.569
96.1724
95.7586
102.56
103.138
90.4914
93.9483
110.966
93.5603
92.8707
99.9224
98.6552
97.8103
95.319
103.422
91.0431
103.336
109.172
93.1466
104.276
101.25
99.1724
103.31
89.3534
96.069
90.9138
90.5086
106.612
94.4741
98.931
95.75
101.897
86.2759
91.6293
97.0259
98.9138
107.767
99.681
95.6552
95.7155
91.3362
96.9914
105.155
90.0517
88.9914
87.3017
103.819
80.1121
110.397
102.06
106.095
86.9828
107.155
104.621
95.0431
106.44
102.681
92.6379
91.7241
110.853
97.6207
95.2155
80.1207
97.1552
108.172
90.5603
98.4828
103.284
110.612
107.69
99.2414
101.224
91.9655
98.2672
102.138
100.853
102.707
88.6724
104.914
89.3534
100.103
103.672
86.1379
112.121
95.7586
97.7672
109.422
99.9741
110.5
97.8966
102.293
82.6983
106.431
100.836
102.284
105.647
104.75
101.466
101.431
87.9138
105.112
98.0948
93.7155
95.5862
105.828
107.94
88.3879
101.629
95.3879
99.9483
96.4914
110.871
112.595
110.06
109.138
107.06
85.431
102.802
