53 52 49 51 50 53 46 53 41 55 51 52 51 51 47 52 56 43 55 53 54 47 45 52 48 52 51 56 46 48 53 26 52 56 40 51 39 49 52 52 54 49 54 49 55 53 52 45 54 55 46 53 51 54 44 55 53 32 53 55 54 54 49 51 49 55 52 55 50 54 55 54 52 53 56 54 55 55 55 51 49 54 47 53 55 55 53 53 49 38 56 55 56 54 47 41 56 56 55 48 55 52 52 56 55 50 56 56 56 54 42 39 47 56 56 48
45 43 40 44 31 42 38 33 40 41 48 36 48 43 37 52 45 34 43 46 42 42 47 45 46 40 41 50 45 46 40 41 40 44 43 51 35 48 53 33 38 44 49 36 35 48 47 30 49 40 40 42 52 49 26 51 37 36 48 45 37 37 38 40 35 37 30 51 36 49 43 38 41 49 52 49 47 50 51 50 44 50 44 41 40 45 46 51 32 39 34 46 45 51 50 51 54 38 37 45 44 19 41 46 49 32 46 46 52 55 21 53 43 53 39 35
56 49 47 50 50 37 47 54 44 51 52 44 50 40 49 53 55 31 55 41 45 50 53 54 53 51 53 53 50 55 52 47 46 55 43 55 49 52 55 49 51 53 51 43 51 52 53 38 53 55 50 50 47 44 36 54 53 27 55 53 43 51 46 48 48 51 49 50 44 53 45 45 53 52 50 52 55 50 54 55 56 54 53 52 48 55 53 52 49 50 51 56 50 51 53 51 53 48 52 50 51 29 47 55 54 40 48 55 53 52 16 48 30 55 46 46
53 51 53 52 49 48 50 52 50 52 47 52 53 37 54 51 52 44 53 53 53 55 54 53 54 55 55 54 51 54 50 51 49 52 55 51 52 52 50 49 51 52 52 45 54 55 56 31 51 54 54 55 40 23 24 55 53 14 54 54 52 53 52 51 52 52 52 54 23 55 52 49 52 54 54 52 53 46 51 54 54 54 55 53 49 54 53 54 51 51 53 53 55 51 52 53 53 54 54 51 54 50 54 55 54 49 54 55 55 55 4 41 46 54 52 35
55 55 54 55 52 50 52 56 53 55 55 56 51 46 52 56 54 48 56 55 51 56 56 56 56 56 56 56 50 54 56 49 56 55 53 51 50 40 53 54 53 54 55 52 55 54 45 52 56 56 55 56 55 52 56 56 53 54 54 56 47 56 50 52 54 55 51 54 55 55 47 36 52 56 55 47 55 53 55 56 56 56 54 53 52 56 50 54 53 51 56 54 54 28 49 40 55 49 53 55 56 49 55 51 47 47 56 55 52 53 53 48 53 54 55 55
56 54 54 55 54 54 53 53 52 55 54 32 50 44 55 54 54 53 55 56 53 54 55 53 52 55 54 54 54 55 54 53 41 55 49 56 54 53 55 54 54 55 54 50 54 55 53 12 54 53 51 54 53 51 55 56 55 53 53 53 55 53 53 54 54 55 52 55 56 45 55 56 54 54 55 49 56 55 54 55 54 55 54 51 52 54 53 54 52 53 54 55 55 55 55 56 56 55 55 55 55 55 56 56 54 56 55 56 56 56 28 56 56 54 48 35
53 51 53 48 52 42 46 51 51 48 49 45 45 50 53 52 52 43 39 49 48 55 55 52 51 53 53 55 53 50 51 48 48 52 53 52 52 49 54 37 53 55 54 51 51 54 51 41 54 55 37 54 43 30 20 55 54 36 52 50 53 50 45 48 52 52 50 50 42 52 49 36 50 55 54 44 45 26 45 53 51 55 48 50 49 54 51 52 44 49 45 54 54 40 50 46 53 48 47 49 54 30 53 50 52 45 53 54 52 52 18 33 44 51 54 28
55 55 53 54 54 55 53 55 53 51 55 52 39 53 53 54 45 40 53 54 52 52 48 53 50 53 53 54 52 53 53 48 50 56 56 54 53 49 54 49 51 53 54 52 52 53 55 49 54 54 53 53 45 19 54 54 54 13 54 54 53 51 47 51 53 51 48 46 47 52 43 51 45 47 51 45 53 54 51 50 48 53 47 49 38 52 52 52 50 49 51 52 53 51 53 52 54 50 52 47 53 46 53 54 54 54 55 53 49 49 13 9 54 54 55 21
57 55 50 56 55 55 55 55 56 55 54 54 54 55 55 55 56 50 54 54 54 55 56 56 56 56 56 55 56 56 55 55 48 56 56 55 55 55 56 56 56 56 54 55 56 56 56 54 56 56 55 56 55 36 55 55 54 52 57 55 50 56 50 55 55 56 54 55 56 55 56 45 56 55 55 56 54 54 54 53 53 56 53 53 56 56 55 55 56 56 56 55 55 55 56 56 56 55 55 56 55 54 56 56 56 54 56 56 56 56 36 55 56 56 54 55
56 54 46 55 41 53 54 51 52 53 40 46 49 39 49 56 54 54 52 53 46 52 51 51 48 54 54 52 54 51 49 47 52 52 52 56 50 53 52 48 52 54 54 50 54 55 45 15 56 55 53 55 51 49 52 56 54 28 56 54 49 55 54 53 54 55 53 56 54 55 55 42 55 54 55 55 56 49 55 54 54 56 50 51 53 52 56 52 51 54 53 55 55 55 55 53 55 55 55 49 51 50 54 56 56 54 55 56 56 56 37 52 56 56 53 29
56 46 49 39 38 50 35 41 54 46 43 47 46 42 30 38 38 43 51 51 41 36 43 49 46 44 49 46 53 48 51 51 48 50 48 54 34 36 49 50 34 17 50 37 46 54 49 39 51 53 52 49 47 38 37 52 48 35 52 54 52 55 52 54 47 54 47 49 46 55 51 43 41 46 47 55 56 55 53 51 51 54 52 50 48 51 48 52 53 54 55 54 54 53 51 53 50 52 32 41 55 49 51 56 53 47 53 56 51 52 43 28 51 56 51 48
53 44 45 50 44 43 39 50 41 54 46 40 48 44 52 47 52 45 55 55 50 55 48 55 53 47 55 56 37 47 49 51 40 54 38 45 47 47 45 40 47 56 48 43 43 56 55 37 56 54 37 45 36 36 53 56 47 39 53 51 53 50 53 51 54 51 43 55 41 53 50 52 47 52 56 54 56 51 52 52 53 56 52 49 47 55 53 55 53 52 49 53 55 38 55 53 56 46 49 52 54 36 55 55 47 53 54 55 49 44 31 41 56 55 48 55
55 52 34 42 22 48 48 47 44 51 40 51 46 49 45 47 35 41 54 52 48 44 36 48 40 45 52 55 42 51 39 27 48 50 49 47 43 52 48 47 46 51 51 49 54 55 54 54 53 56 49 56 56 45 47 55 39 46 56 54 54 55 49 55 55 54 45 54 46 54 52 48 50 51 56 52 54 53 53 48 52 52 42 49 50 54 55 53 47 45 55 55 56 46 53 47 55 51 51 54 53 48 56 56 52 51 55 56 31 49 56 53 54 51 52 54
53 48 46 46 45 42 47 43 40 52 49 47 44 46 50 51 51 49 51 52 42 44 44 50 48 49 50 53 30 49 48 28 51 51 38 52 54 53 55 27 33 53 51 48 52 51 35 19 49 53 52 52 45 43 42 54 48 28 48 51 38 48 36 38 36 43 30 53 25 52 46 27 51 49 49 48 51 50 51 43 44 50 44 47 49 43 41 44 44 41 39 52 49 47 53 41 52 52 41 45 53 28 45 49 46 42 49 53 51 46 30 45 40 50 49 26
57 53 54 55 54 52 49 52 50 56 51 51 52 53 55 51 50 55 55 55 55 55 52 54 51 56 53 55 52 56 56 51 55 56 47 55 55 55 55 55 56 51 54 48 55 54 56 27 56 56 56 56 56 56 48 56 54 49 54 55 56 54 55 53 53 55 48 56 44 54 53 54 55 54 54 52 55 55 55 55 55 55 52 53 55 54 54 53 52 47 53 55 55 54 54 54 55 53 53 49 54 54 55 54 53 55 56 55 55 56 42 12 55 56 55 52
53 46 49 49 50 45 51 52 46 49 47 37 48 36 45 45 51 38 44 40 41 43 44 44 46 49 31 41 39 54 50 37 37 55 45 43 46 44 49 44 45 50 50 41 52 47 31 49 46 49 33 45 44 48 43 51 29 25 54 53 50 49 49 49 51 50 39 55 45 48 51 52 51 47 53 47 51 52 47 51 52 54 51 50 41 48 50 50 49 49 52 53 54 47 54 45 52 48 50 51 46 36 53 42 41 54 55 55 53 49 45 32 26 56 38 31
53 45 34 40 42 45 39 44 53 54 49 41 49 38 49 50 49 31 53 52 49 52 47 55 48 51 52 50 54 50 46 46 47 50 50 43 48 52 52 52 55 47 52 27 52 50 43 43 55 54 28 41 46 54 46 47 53 43 55 55 53 49 31 54 47 53 49 56 45 56 49 43 55 55 53 46 55 54 54 55 52 56 54 54 53 55 56 54 51 52 55 53 55 55 54 50 56 55 56 49 55 53 55 56 51 54 53 56 50 53 51 42 48 56 54 54
56 51 54 56 54 47 51 52 50 55 47 53 52 56 54 50 53 52 54 54 53 47 53 54 45 51 41 54 55 41 52 39 47 55 55 51 52 52 54 47 52 54 50 52 53 56 49 44 50 56 53 55 29 33 48 52 51 48 38 51 51 55 55 39 42 51 49 56 47 52 47 51 55 48 55 42 54 48 52 54 53 56 34 34 48 52 56 31 35 32 47 48 54 47 53 45 51 50 50 49 48 48 51 53 50 45 55 56 47 45 37 52 49 55 51 38
55 53 36 56 31 47 47 48 51 55 49 48 42 42 52 49 53 45 54 55 46 55 48 56 56 54 54 52 55 52 51 43 54 55 50 53 49 52 53 41 53 46 52 42 54 55 50 52 53 55 49 52 37 48 50 55 51 49 56 56 51 55 51 50 54 53 49 55 45 52 50 46 48 51 51 49 54 55 52 55 52 54 53 52 55 55 55 53 52 52 51 55 54 51 53 53 55 51 52 53 51 49 54 55 55 55 55 55 24 34 41 49 55 53 34 32
46 52 53 50 48 49 39 52 49 52 44 52 49 49 48 51 47 44 52 51 42 45 39 43 54 53 54 47 48 50 33 31 43 55 38 50 48 52 53 49 52 54 51 46 40 54 51 48 53 48 47 47 21 32 45 54 50 33 52 49 47 52 42 55 40 37 47 54 48 51 43 41 51 49 54 45 55 44 50 48 53 52 50 49 51 53 53 48 38 44 36 50 53 54 53 51 50 45 50 49 49 45 49 52 52 25 53 49 48 35 28 42 27 47 49 39
56 51 47 49 49 53 47 48 40 54 49 48 40 30 41 46 51 41 48 48 49 50 54 54 50 50 44 46 38 45 48 38 44 52 52 42 46 35 53 32 53 38 51 34 50 51 55 42 54 52 48 54 49 50 36 52 52 42 53 54 38 51 33 48 40 41 34 53 38 47 42 25 39 50 50 48 52 49 45 50 50 48 47 49 49 48 48 46 37 45 48 48 53 48 45 42 49 37 42 46 49 37 51 45 44 40 48 51 45 38 17 30 45 48 44 17
50 42 45 31 28 28 38 44 29 46 51 46 40 48 33 51 50 44 51 45 44 47 48 48 42 48 44 42 37 43 33 36 23 50 36 52 38 43 47 33 31 49 48 39 45 46 37 34 48 50 47 45 45 33 38 47 33 29 50 46 40 34 32 35 43 44 37 50 41 44 45 44 41 47 49 42 51 35 51 47 52 50 46 44 41 40 33 39 35 38 27 46 38 44 41 45 51 35 42 40 50 39 48 51 43 46 53 53 21 46 38 31 40 52 45 40
56 55 54 51 51 53 52 53 54 53 55 53 54 55 52 54 55 53 55 55 55 53 55 54 56 56 54 55 56 55 55 53 55 55 55 55 52 52 55 54 53 55 55 53 54 56 56 39 56 56 55 56 44 46 55 56 52 19 55 51 53 53 53 49 51 50 54 56 51 53 53 55 53 53 55 52 54 55 54 55 55 56 55 55 52 55 56 55 51 52 53 54 54 41 54 54 54 53 54 54 53 54 52 56 52 55 55 55 49 43 16 42 56 55 55 29
57 53 51 53 53 55 52 52 53 56 36 50 45 35 55 55 54 55 54 56 50 55 55 56 53 55 53 56 55 54 50 41 53 56 53 55 52 55 56 54 52 55 56 49 56 55 53 53 56 56 47 52 56 51 51 55 56 51 56 54 55 56 52 56 53 55 54 55 56 52 48 30 53 56 55 56 56 54 55 56 55 56 56 56 55 55 56 55 53 53 56 56 55 56 55 55 55 53 52 55 56 52 56 55 55 56 55 55 51 56 55 54 56 56 56 55
52 49 51 49 47 48 51 54 50 52 49 50 50 48 51 47 45 26 54 53 51 51 45 52 47 49 52 53 48 41 44 48 49 47 48 51 49 52 55 47 53 53 53 48 53 54 34 27 52 53 44 48 49 52 50 54 43 18 50 46 40 41 26 41 47 49 47 54 46 53 49 48 47 44 49 31 55 46 52 48 49 49 40 43 38 44 43 36 41 47 28 50 45 43 49 48 52 42 43 46 46 46 48 49 46 45 51 55 48 33 23 23 35 52 35 38
44 50 49 39 38 51 34 50 51 47 46 46 53 51 49 45 50 47 47 41 47 40 46 45 46 51 43 50 47 41 38 47 45 48 51 48 48 41 54 44 52 51 50 45 54 53 49 20 55 51 48 54 49 43 16 56 54 40 52 54 51 52 34 52 44 51 50 52 48 53 42 32 52 49 54 50 52 44 51 45 46 52 46 54 47 50 50 44 44 50 53 55 49 54 52 53 53 51 53 46 52 45 54 50 54 53 53 54 56 53 33 27 51 53 54 25
57 56 56 56 56 56 56 56 55 56 56 56 56 56 56 56 56 56 56 55 56 56 56 56 56 56 56 56 55 56 56 56 56 56 49 56 56 56 55 56 56 56 56 56 56 56 56 56 56 56 56 56 55 56 55 55 55 52 57 56 55 56 55 56 56 56 56 56 56 56 56 56 56 56 56 56 56 56 56 56 56 56 56 56 56 56 56 56 55 55 55 56 56 56 56 56 56 56 56 56 56 56 56 56 56 56 56 56 56 56 56 56 56 56 56 51
51 52 52 50 50 50 48 51 42 52 51 42 32 35 49 41 48 41 56 51 54 49 48 51 49 53 44 54 46 42 44 43 47 51 41 52 46 47 52 32 44 50 51 29 43 49 36 15 49 49 49 50 36 49 39 48 52 20 48 41 41 50 39 43 49 44 42 47 38 32 24 22 44 37 46 49 52 48 45 42 48 45 45 47 39 45 40 45 42 39 33 42 48 38 45 40 53 33 39 49 37 28 39 48 43 39 36 52 46 46 29 43 40 47 43 38
52 44 49 42 38 42 45 39 40 55 37 48 40 40 39 43 48 31 49 48 48 41 40 49 40 47 37 50 43 43 25 38 28 42 48 49 44 42 48 31 43 41 49 40 53 52 34 36 51 54 36 51 48 44 19 55 48 47 48 42 39 40 39 48 41 41 38 51 41 47 40 33 42 48 45 37 53 29 39 51 40 55 42 43 44 44 43 34 44 40 34 46 36 46 44 33 40 34 42 38 51 28 52 55 40 39 45 55 40 46 45 28 38 51 50 47
53 55 53 55 49 50 53 54 38 49 54 45 53 34 41 53 51 39 56 50 51 54 56 56 53 55 55 53 52 52 50 44 32 53 55 52 47 50 51 50 51 54 55 50 49 54 45 43 53 54 53 53 50 50 48 54 53 47 47 47 26 44 21 46 46 46 32 44 39 45 42 32 35 48 42 44 46 42 53 51 48 48 44 41 48 49 41 44 51 35 39 43 42 53 42 28 54 41 50 51 47 36 44 51 49 40 53 52 52 48 43 46 40 45 41 30
54 52 55 47 44 49 46 52 53 51 46 48 48 53 52 47 52 36 51 54 52 52 51 54 52 53 52 53 52 42 32 47 44 48 51 48 54 53 53 43 54 49 49 50 52 54 38 35 54 54 48 52 46 47 29 54 50 10 53 54 32 47 28 44 42 53 51 51 46 51 45 47 52 45 48 39 52 56 47 51 42 52 44 51 47 51 55 54 28 46 31 46 53 35 50 50 53 40 50 46 49 42 52 54 49 46 52 55 51 53 30 46 37 55 49 38
54 44 34 46 40 51 50 52 41 41 41 48 41 46 49 54 47 44 45 47 44 53 50 54 43 48 43 44 51 42 47 44 39 48 51 54 48 48 40 25 53 50 44 34 49 51 35 34 54 52 46 43 37 44 42 56 47 23 52 47 34 40 22 49 52 44 49 54 46 51 50 34 50 47 51 47 47 47 44 50 48 54 47 48 53 48 53 37 36 44 44 47 48 33 41 38 51 41 48 47 41 36 48 50 41 53 46 54 35 32 37 44 44 52 41 37
56 52 52 52 47 54 54 53 50 52 52 52 50 52 53 53 53 50 55 55 50 55 51 54 50 52 46 53 49 55 52 46 53 53 53 53 55 55 53 49 54 55 53 51 52 55 55 50 53 55 28 52 8 41 53 53 53 28 54 54 16 56 30 52 51 49 51 53 52 50 51 51 53 53 53 52 50 50 52 52 52 51 51 52 49 51 52 49 36 51 52 52 50 47 52 40 51 52 53 53 53 49 48 52 52 51 54 51 51 48 13 9 53 53 42 50
56 51 51 51 52 53 49 52 53 54 51 46 55 41 54 47 53 38 55 55 47 52 54 54 53 54 54 55 52 52 53 54 49 55 51 55 55 55 52 49 54 51 52 51 55 56 56 47 56 54 46 56 51 47 34 56 51 37 53 50 55 51 51 49 49 49 50 55 46 50 50 47 46 46 50 31 50 49 51 51 52 55 55 55 44 53 50 53 43 53 49 51 51 53 52 50 50 50 52 50 51 53 53 55 52 40 54 53 53 53 24 21 45 55 49 36
55 51 55 51 50 53 50 51 51 51 49 44 39 44 52 49 52 44 56 56 55 54 53 56 49 55 48 48 55 48 50 48 44 56 47 54 51 50 52 51 56 54 55 36 54 56 55 53 56 56 46 54 42 42 52 55 55 43 53 52 53 54 51 52 50 52 48 54 50 47 35 36 52 46 50 52 55 53 53 54 50 55 48 51 50 54 53 48 48 53 49 50 54 52 51 48 55 53 52 53 52 39 54 56 55 46 55 55 53 56 22 21 39 52 53 49
52 45 49 50 50 55 52 56 48 48 49 43 45 33 41 42 48 51 48 38 53 48 43 47 44 55 54 48 49 55 56 43 31 55 45 50 43 43 50 43 49 49 49 27 50 54 38 45 55 53 49 50 48 41 50 51 55 48 52 51 44 52 51 49 53 52 41 49 41 42 40 43 51 49 54 54 46 29 49 55 54 55 50 51 53 40 50 53 54 40 48 54 54 53 46 45 53 49 47 50 53 11 52 51 50 52 56 51 49 51 53 52 49 54 55 51
51 29 47 22 35 44 41 46 25 45 40 40 42 46 38 33 26 50 53 44 49 39 38 36 38 44 42 44 42 45 35 18 41 35 42 47 25 32 46 22 26 46 45 35 39 45 39 47 45 45 37 48 42 45 46 47 47 25 55 41 42 32 48 45 50 51 23 37 47 43 41 49 36 36 41 43 49 50 48 45 46 46 37 38 35 44 50 42 27 19 45 43 50 48 37 44 53 27 31 39 46 45 42 44 37 51 48 50 28 42 39 46 50 52 39 38
53 51 53 44 51 33 48 47 46 51 43 45 46 44 47 54 45 34 49 49 48 47 36 48 49 53 53 52 41 52 47 43 37 54 52 50 45 49 53 45 48 51 52 31 45 51 46 22 45 50 44 47 23 24 42 48 44 38 53 53 53 51 50 43 47 53 45 55 43 38 45 36 51 52 53 18 54 46 51 52 46 53 46 51 54 51 49 52 44 45 42 55 52 49 52 52 52 49 49 48 49 43 52 55 50 47 43 53 46 53 9 21 46 53 47 29
52 55 56 55 54 54 54 52 53 51 41 55 48 54 53 54 51 50 54 51 54 53 43 54 47 52 52 54 51 54 55 52 53 54 46 53 54 54 54 51 52 55 53 53 55 54 53 13 49 54 50 53 52 55 38 55 52 23 50 51 54 53 56 50 54 53 54 51 48 54 50 53 54 55 51 56 56 25 30 48 53 56 48 44 49 52 47 49 51 48 52 51 52 53 54 56 55 47 52 50 49 52 50 54 54 48 35 54 54 55 28 24 46 53 54 34
50 55 41 40 44 50 48 55 38 42 47 51 47 48 34 49 51 41 52 53 46 52 50 50 48 54 50 52 45 52 53 18 43 48 52 49 45 50 54 50 54 55 52 47 51 53 50 51 53 52 45 47 51 35 44 47 51 35 52 56 56 52 31 53 48 44 47 56 56 55 54 54 46 53 54 44 54 52 54 50 50 53 47 53 52 50 45 50 50 49 52 52 54 43 54 32 50 53 52 51 54 53 54 56 52 41 56 54 53 51 34 33 51 53 54 47
57 50 49 51 50 47 44 49 51 56 33 47 40 41 52 46 50 47 55 56 50 53 48 50 46 47 53 53 47 47 47 47 46 46 47 55 50 54 55 50 50 52 47 45 51 55 54 47 55 54 53 55 53 51 44 55 55 51 53 55 52 54 42 42 45 46 52 56 49 52 46 36 55 46 53 53 54 55 52 53 51 56 50 54 52 55 50 48 46 51 51 53 52 46 54 53 56 54 53 49 54 44 53 55 53 53 55 56 50 49 19 45 48 55 55 49
54 53 39 49 37 47 48 50 47 47 51 47 50 35 48 38 48 37 52 56 39 47 40 46 41 56 56 53 38 54 50 45 50 56 48 49 45 44 47 44 47 52 51 46 53 51 53 47 56 51 34 38 39 37 51 54 44 46 51 50 42 48 48 44 43 42 44 49 53 49 47 37 43 35 52 47 56 53 44 42 38 49 33 36 31 49 45 54 50 39 52 56 52 45 41 48 48 49 43 49 52 43 54 52 56 56 51 53 56 44 38 36 53 48 51 44
53 39 45 51 48 30 45 49 48 41 51 37 42 50 47 50 43 51 53 48 52 45 48 47 45 53 44 47 48 53 43 41 41 49 47 50 46 49 49 48 47 53 46 37 45 52 51 22 42 53 43 42 28 17 48 52 39 4 53 50 42 48 46 46 48 51 51 52 48 51 40 47 53 52 49 47 53 43 52 50 49 48 49 43 32 49 51 49 45 47 49 49 48 45 52 52 53 52 52 51 53 33 51 53 50 49 55 54 49 44 8 22 33 54 37 12
50 50 50 49 46 49 38 43 53 51 45 44 42 47 52 46 50 42 51 45 44 49 55 51 51 55 54 50 47 49 48 39 49 51 49 49 52 51 49 45 50 29 53 38 52 53 49 36 49 49 27 44 28 39 13 51 35 39 52 49 53 50 55 45 52 48 46 55 46 47 50 47 49 40 52 55 48 43 53 55 51 53 50 52 37 54 51 52 48 49 52 53 54 25 52 50 45 52 48 44 53 39 53 54 54 28 51 54 50 50 25 40 31 46 44 47
56 55 55 55 55 55 55 55 55 55 55 55 55 55 55 56 55 54 55 55 55 55 55 55 55 55 55 55 55 55 55 55 55 55 55 55 54 55 55 55 55 55 55 55 55 55 55 6 56 55 54 55 55 55 52 56 54 55 57 56 56 56 56 56 56 56 56 56 56 56 56 56 56 56 56 56 56 56 56 56 56 56 56 56 56 56 56 56 56 56 56 56 56 55 56 56 56 54 56 56 56 56 56 56 56 56 56 56 56 55 55 53 56 56 55 56
54 56 53 54 49 55 55 56 44 55 38 56 52 44 53 51 54 53 47 54 48 54 54 54 52 54 48 53 53 52 51 53 54 54 52 51 47 34 45 47 54 54 55 56 55 55 51 44 55 54 48 52 31 47 51 55 53 46 51 54 53 52 52 47 48 54 42 52 28 52 46 42 50 52 54 48 46 53 35 51 50 55 49 48 49 50 51 50 47 43 52 55 54 27 48 52 45 38 50 52 53 51 50 54 51 48 54 52 39 44 34 18 52 54 52 39
49 53 47 50 40 47 48 49 52 51 48 50 49 46 48 45 50 42 55 52 48 46 53 45 35 48 39 53 55 43 25 38 47 43 54 51 49 50 54 47 48 47 50 47 53 52 38 54 54 51 30 48 35 32 44 55 50 30 52 51 37 53 41 49 49 49 47 51 46 47 50 44 52 47 54 50 54 56 54 50 53 53 41 37 43 52 49 43 37 45 38 54 53 48 48 47 53 51 51 54 51 52 52 49 48 48 56 54 40 48 39 28 35 52 47 30
56 56 55 54 55 55 55 54 54 55 52 54 55 54 52 51 56 45 56 56 55 55 56 56 53 56 56 56 54 56 54 52 54 56 56 55 55 48 55 47 55 55 56 56 56 56 52 56 56 56 50 56 55 51 46 56 55 39 57 56 56 56 56 56 56 56 53 56 56 56 56 56 56 56 56 56 56 56 56 56 56 56 55 55 55 56 56 56 56 56 56 56 56 52 55 55 56 55 55 56 56 54 56 56 55 56 56 56 56 56 52 55 56 56 56 56
44 47 48 47 49 40 45 48 35 42 35 51 49 54 41 47 44 41 44 47 52 46 48 47 49 49 47 48 44 50 49 39 48 49 38 48 50 53 53 37 47 50 53 52 51 43 42 36 47 50 27 25 20 20 40 50 30 16 43 48 54 48 50 43 44 48 37 44 40 53 49 51 47 45 42 42 45 25 46 50 52 55 50 51 48 44 44 50 44 42 41 50 46 47 48 51 40 46 48 46 46 49 51 50 31 51 43 53 38 22 13 35 34 55 29 30
57 47 35 48 38 51 53 50 49 53 51 49 32 34 46 48 54 39 49 46 36 50 46 49 47 51 47 45 53 44 38 49 46 49 50 53 50 51 53 49 49 43 50 35 42 54 39 46 51 53 25 44 32 41 36 54 53 39 51 51 43 50 48 51 50 51 49 53 29 50 47 47 51 51 51 49 50 47 47 53 47 54 50 54 54 54 51 52 48 50 48 52 52 53 51 37 54 53 53 50 51 48 51 56 49 39 55 55 31 39 10 25 48 55 53 15
57 53 53 52 48 56 53 56 55 54 55 54 56 45 56 56 56 53 55 55 55 54 54 56 52 56 54 56 48 55 56 53 56 55 53 56 55 55 54 55 51 49 53 42 55 56 56 54 56 56 55 55 54 56 51 56 56 51 57 53 48 53 54 56 55 55 54 55 50 56 45 33 55 55 55 55 56 55 54 55 55 56 55 52 50 56 56 53 55 54 56 56 56 56 54 55 56 55 56 55 55 45 56 55 53 54 56 56 52 56 54 53 52 55 56 51
56 46 41 54 44 42 39 36 52 49 46 44 42 36 47 44 48 47 51 45 45 54 53 53 48 53 52 52 54 55 51 44 53 56 54 52 42 39 47 40 44 42 54 28 53 54 56 48 53 55 52 51 35 55 51 55 55 49 54 51 40 53 53 50 53 40 48 54 47 50 46 25 50 43 55 51 54 55 53 51 54 52 48 52 54 53 50 55 53 46 52 56 56 52 48 48 48 46 46 53 54 51 55 55 51 54 55 55 47 54 32 40 51 56 50 56
51 54 54 53 54 52 52 52 51 51 54 52 49 54 48 51 52 41 56 56 56 51 49 54 50 52 51 55 50 54 52 48 52 54 54 50 47 47 54 51 51 15 54 16 56 54 54 40 55 54 54 53 44 53 45 54 54 36 55 53 47 54 47 55 53 52 40 54 54 52 52 54 45 52 53 53 55 40 53 55 53 56 55 54 54 55 55 55 52 52 54 54 53 53 53 54 55 52 53 52 54 52 54 55 54 56 55 56 54 53 15 40 55 56 47 37
48 52 54 50 41 40 46 49 49 47 39 49 44 33 55 56 50 41 45 53 46 51 52 51 51 53 52 55 46 46 49 50 51 54 52 40 53 51 50 43 50 54 49 48 46 49 42 50 55 56 46 54 45 45 44 55 42 27 48 53 35 54 47 47 51 52 43 48 50 54 46 38 53 52 50 51 54 56 54 50 52 53 50 49 48 56 43 51 36 46 43 54 50 30 52 43 52 47 43 55 56 41 52 46 49 51 52 54 55 52 35 49 51 56 50 42
55 45 52 52 43 52 52 54 50 54 55 45 50 54 48 45 47 52 55 55 55 53 54 49 46 53 49 56 47 53 48 48 51 52 48 52 49 46 54 46 52 54 54 55 54 55 53 48 55 51 46 51 51 55 28 55 54 13 50 47 36 39 39 45 45 46 35 54 51 46 47 48 44 47 51 51 53 49 56 47 48 51 38 37 39 48 33 37 35 30 49 49 44 42 48 53 54 36 51 51 43 49 55 51 50 39 50 54 50 49 44 30 42 55 51 36
45 47 47 50 48 44 45 51 36 51 51 52 52 47 48 53 34 45 49 49 48 45 44 50 47 51 47 51 38 45 32 31 54 55 33 53 51 49 48 41 44 50 54 44 46 49 53 50 50 53 51 54 38 14 36 54 47 39 53 53 46 51 41 51 52 50 43 51 52 52 52 49 50 54 50 42 54 49 53 53 54 55 52 54 52 54 55 52 49 36 46 54 51 51 49 54 55 41 45 52 54 37 54 52 48 41 50 55 22 45 27 53 46 48 49 38
57 53 52 54 50 55 55 54 35 55 50 48 54 53 48 51 49 50 54 53 48 54 50 55 56 52 56 55 49 56 56 41 47 54 27 52 40 55 55 34 51 53 53 53 51 55 54 49 52 55 52 53 47 43 46 53 52 47 49 53 48 54 51 32 47 51 17 53 49 52 47 51 45 50 56 49 55 46 56 55 51 55 54 55 54 55 51 55 50 41 48 51 50 41 55 52 55 41 47 53 54 42 54 54 54 50 53 54 53 52 45 47 52 51 52 39
50 55 54 55 54 55 55 56 52 48 55 46 51 52 54 54 49 30 56 53 52 55 48 54 54 54 54 54 48 55 54 45 40 54 46 53 50 53 54 52 52 55 55 34 54 55 51 55 54 53 44 48 43 27 50 56 52 45 52 51 49 53 50 50 52 55 52 50 52 46 54 51 54 56 55 43 55 56 44 55 54 55 54 56 53 55 50 53 44 41 33 56 52 44 55 50 52 44 53 56 53 47 56 55 52 55 55 55 45 45 42 40 53 56 47 45
53 53 46 51 42 52 49 46 52 37 49 48 38 42 52 48 42 49 53 52 53 51 47 53 51 54 50 52 48 51 46 39 42 48 47 52 53 49 51 48 53 47 49 46 51 43 42 32 52 52 24 27 35 16 29 52 39 37 42 41 25 47 22 33 35 40 42 48 42 41 42 37 49 47 50 43 49 50 49 47 45 51 54 53 53 50 43 51 30 41 37 44 50 47 45 52 52 38 44 49 46 47 53 47 45 32 40 52 32 33 38 16 51 50 44 31
50 52 53 53 53 46 50 47 49 52 35 50 35 45 53 48 55 51 52 53 46 50 45 51 49 52 55 52 52 42 32 22 49 43 48 54 42 43 55 45 52 50 52 47 52 53 53 16 52 53 44 54 40 46 36 47 53 46 47 53 52 32 29 50 43 50 40 54 27 47 49 49 46 40 42 50 49 52 51 48 44 49 45 46 47 44 54 24 39 27 50 42 55 37 50 53 52 49 52 45 50 45 52 48 48 45 52 48 43 48 27 50 46 49 38 46
57 56 56 56 56 56 56 56 56 56 56 56 56 55 56 56 56 51 56 56 56 56 56 56 56 56 56 56 52 56 55 55 55 56 55 56 56 56 56 56 56 56 56 56 56 56 56 55 56 56 56 56 56 54 56 56 56 53 56 55 52 54 48 53 56 55 55 55 49 55 52 51 56 54 55 54 56 56 55 53 53 56 52 54 53 55 49 56 56 55 55 55 54 39 54 55 55 55 55 56 55 51 56 56 55 51 56 55 56 56 39 36 56 55 55 51
55 54 37 54 38 44 44 33 41 54 40 36 52 42 42 50 50 43 51 45 54 43 50 44 40 47 48 51 53 54 54 40 46 53 40 51 48 42 52 44 48 50 52 50 51 48 44 43 52 52 50 54 10 42 42 47 47 12 53 53 46 49 27 46 47 43 43 52 38 52 48 34 50 53 48 46 52 51 54 53 50 54 50 48 47 51 49 54 52 46 45 54 46 39 49 47 54 48 46 53 54 50 52 55 53 43 54 53 49 37 14 38 34 52 49 31
53 49 47 44 41 45 45 51 50 55 44 48 43 47 48 47 52 33 53 51 49 53 45 47 45 50 51 48 54 44 39 45 43 45 44 44 52 49 54 46 52 53 51 49 52 55 48 51 53 52 26 41 32 44 43 45 49 35 52 49 35 38 38 32 43 45 44 56 42 47 42 49 49 45 52 34 47 47 54 40 37 43 49 52 37 47 48 47 35 43 35 48 53 40 51 45 42 50 51 50 53 54 46 46 53 44 54 50 46 42 22 38 37 43 40 44
54 53 52 51 51 53 52 55 52 53 49 51 52 56 51 52 52 35 52 50 52 53 53 52 55 52 54 53 52 48 46 49 52 54 49 54 51 53 53 51 51 53 51 44 55 54 56 13 55 53 34 54 46 27 40 54 56 37 53 52 52 50 48 51 49 52 50 54 53 52 49 50 51 49 52 50 52 50 51 53 54 52 48 47 43 52 54 36 34 49 49 54 53 50 51 48 53 49 47 51 51 36 51 56 55 49 31 55 53 52 25 27 29 56 54 14
53 52 53 51 49 52 47 49 39 52 50 32 34 47 46 52 51 48 55 54 51 32 48 46 48 55 52 52 47 46 45 40 44 52 53 54 51 48 56 48 49 52 51 44 51 52 52 47 54 54 42 52 48 26 14 51 49 33 52 53 52 56 55 52 50 54 36 56 44 46 39 46 52 48 55 42 54 54 50 44 51 52 53 53 53 53 54 42 52 45 52 52 56 53 55 54 54 35 48 53 54 49 56 55 51 42 47 56 49 54 32 48 44 52 47 32
52 45 47 55 50 50 49 47 37 51 52 36 44 48 49 37 54 47 50 52 55 44 48 43 46 51 48 53 51 49 52 46 35 46 52 49 47 44 55 41 46 56 50 43 46 53 52 50 55 54 54 56 53 32 42 56 55 46 50 50 50 49 49 54 53 53 42 54 51 43 40 41 54 50 54 47 55 50 50 52 53 55 53 54 54 54 51 47 51 50 50 50 55 52 47 40 51 50 45 56 53 48 54 56 49 51 56 55 49 36 18 39 38 54 45 41
52 53 54 50 46 45 46 46 49 47 45 44 41 42 50 46 52 32 54 50 52 49 43 53 54 54 53 54 56 56 47 44 50 53 53 54 46 51 52 48 54 53 51 41 54 53 54 44 49 48 47 43 22 24 38 54 55 43 51 39 52 48 42 43 45 43 44 50 39 46 38 32 49 46 49 48 49 44 51 44 48 52 45 49 35 51 52 48 41 41 46 52 53 55 55 53 55 37 43 53 52 41 52 55 54 38 46 53 51 45 14 36 38 48 45 17
54 55 56 48 52 54 54 53 55 54 53 56 46 50 55 53 53 36 53 56 52 56 45 55 55 56 53 55 54 55 52 52 50 56 48 55 55 41 54 53 55 55 56 50 55 55 55 40 56 54 50 53 53 48 48 56 53 53 54 55 52 47 36 49 50 53 42 55 49 54 51 48 48 53 55 44 54 47 50 55 41 55 47 53 48 42 48 51 47 46 40 52 52 48 45 51 55 47 48 51 49 50 53 55 55 51 50 55 48 52 22 40 49 48 50 36
55 52 50 53 43 40 34 43 47 48 52 33 37 30 47 48 51 42 50 54 50 41 38 43 38 45 44 54 53 53 49 39 52 52 46 40 36 37 47 49 47 46 49 45 46 53 44 34 56 55 51 44 36 38 30 50 36 16 52 38 36 47 42 40 38 44 37 50 52 37 33 35 42 43 56 45 54 51 47 45 39 47 41 45 38 55 50 51 48 38 43 53 54 33 45 43 55 41 45 48 54 45 50 51 52 51 50 49 43 46 34 32 46 38 37 34
56 54 51 56 43 53 48 49 49 56 52 49 47 44 43 53 50 55 56 51 51 55 48 55 48 54 53 54 55 54 55 21 50 54 56 54 47 44 55 39 43 52 55 53 54 55 53 50 52 55 52 53 51 45 54 55 51 51 56 54 45 56 46 47 47 54 44 54 49 53 53 55 48 55 55 48 55 51 54 54 52 55 42 44 51 54 56 56 54 34 55 54 56 53 48 47 55 43 53 44 55 56 55 54 50 47 52 52 50 47 39 43 55 55 52 46
57 55 56 54 56 55 54 55 54 56 53 56 54 52 55 53 54 55 56 56 56 55 55 55 55 55 56 55 55 55 54 55 56 55 55 55 54 54 53 55 56 55 56 52 56 56 56 37 56 56 54 56 55 56 55 56 56 39 55 55 55 54 51 54 52 55 53 55 55 55 55 54 54 54 54 55 55 55 54 55 55 55 54 55 54 55 54 54 51 54 54 55 55 54 54 54 55 53 54 55 54 50 55 55 56 55 55 55 55 52 34 2 54 55 55 53
46 51 40 52 48 49 48 52 43 46 51 52 33 48 48 53 48 40 53 53 49 48 48 48 50 50 50 50 45 53 48 47 46 51 46 51 49 47 54 37 47 48 53 50 51 52 37 25 55 51 32 45 33 25 14 53 54 11 44 46 37 47 29 47 48 51 39 48 52 49 51 49 49 52 50 38 54 51 44 48 45 48 45 46 46 50 42 48 46 37 43 51 48 36 51 31 38 44 49 50 51 44 51 54 51 32 52 55 51 52 23 29 31 56 47 24
56 54 28 54 17 53 51 54 51 53 55 51 52 42 52 51 53 52 53 52 41 49 49 52 53 53 52 53 53 53 53 53 51 54 52 55 51 51 51 50 50 53 52 53 54 54 54 46 53 55 48 52 46 31 54 54 53 21 56 55 54 55 51 53 53 54 48 55 55 55 53 53 54 54 55 55 55 53 54 52 55 54 55 55 55 54 55 54 54 54 52 54 54 53 53 54 54 54 55 54 53 53 55 54 55 54 55 55 51 51 5 28 55 54 54 52
52 44 48 50 37 48 52 55 48 53 50 44 52 43 52 53 53 42 52 53 55 53 48 52 51 53 54 53 49 51 39 41 55 54 54 53 52 53 52 46 46 56 47 46 38 55 48 47 53 53 38 45 45 56 30 54 50 23 55 47 50 50 44 53 53 52 48 53 51 47 45 49 53 52 54 50 56 52 55 55 55 56 52 52 51 55 55 51 48 47 53 53 56 54 54 53 55 56 53 52 51 51 53 52 50 36 52 56 47 45 24 56 35 56 52 39
53 52 51 49 52 50 48 52 52 46 46 52 52 47 49 52 50 35 53 54 47 55 51 52 53 53 53 54 53 54 49 44 50 53 52 52 49 51 51 49 52 51 53 43 53 53 48 16 50 54 34 55 54 52 17 55 52 17 53 53 45 48 48 49 46 52 40 54 38 53 55 43 50 50 49 47 55 47 56 55 51 55 49 52 48 54 52 53 49 46 48 54 54 53 54 48 54 43 47 52 51 42 54 54 51 30 48 56 53 55 31 22 31 52 49 48
56 46 50 47 43 50 54 55 32 49 51 49 49 48 45 52 53 54 54 55 51 53 55 55 53 53 53 54 55 50 54 41 54 54 55 50 45 53 54 35 42 50 53 47 52 55 54 44 55 55 53 54 50 49 47 56 54 7 56 54 54 54 51 54 54 50 50 54 46 54 55 50 49 53 54 54 54 50 51 55 53 53 54 54 50 52 55 50 47 49 53 54 55 54 55 55 54 49 49 52 52 40 54 46 47 51 56 55 53 53 30 15 51 55 55 54
52 48 49 45 28 50 38 50 29 47 49 41 44 45 28 43 44 42 53 53 55 36 45 38 47 44 44 44 54 46 35 27 45 47 53 46 31 43 50 43 37 55 50 40 46 49 46 41 48 47 39 55 46 54 19 55 44 34 50 45 49 51 38 24 30 46 22 46 48 43 43 45 38 43 48 50 48 43 46 46 44 49 48 46 39 47 53 47 29 17 45 50 50 49 46 40 50 51 41 42 49 46 45 52 48 32 54 53 31 48 34 42 36 52 51 25
52 50 45 45 46 50 47 50 40 49 33 51 54 45 51 46 53 47 55 46 54 43 44 47 49 53 54 54 37 53 54 45 52 52 38 47 53 54 52 42 44 47 53 43 52 52 48 34 54 53 47 45 47 16 29 56 37 41 51 54 48 44 39 50 49 53 41 54 36 51 53 42 47 42 49 46 54 52 55 51 48 55 47 50 50 49 38 53 50 40 45 55 46 46 54 44 50 39 42 50 52 47 55 48 48 37 45 53 49 49 33 19 41 53 43 8
45 48 44 40 36 44 41 51 37 52 42 35 37 33 42 54 48 44 49 39 45 51 52 50 47 47 43 44 41 42 42 45 31 49 44 42 41 43 47 36 43 52 45 30 43 52 53 28 51 54 15 38 47 48 40 53 49 28 47 44 46 44 40 45 39 42 27 45 38 40 40 40 47 51 50 50 52 34 53 52 53 55 51 44 45 52 49 45 42 42 47 51 51 42 49 51 54 38 37 50 48 38 46 53 45 43 54 55 54 50 24 37 54 54 54 43
52 50 51 48 50 45 45 41 48 50 39 45 45 47 42 47 46 41 50 55 37 43 48 48 47 48 45 54 50 50 50 42 47 42 44 31 40 30 48 37 45 49 51 31 48 52 47 43 53 54 28 32 34 49 31 50 28 16 52 49 47 48 53 45 36 42 40 55 27 47 42 44 45 48 53 42 43 29 44 49 42 51 43 45 46 52 46 51 46 49 49 47 48 39 36 38 48 45 47 49 49 46 50 51 50 41 52 53 52 50 18 46 29 52 30 36
56 55 55 54 53 54 55 54 53 55 54 53 50 54 53 53 54 55 54 53 55 55 54 54 56 55 54 55 54 56 53 51 50 56 55 53 50 53 54 54 55 56 52 50 55 56 56 25 56 56 55 56 40 36 51 56 51 53 55 54 54 54 53 53 51 52 53 54 52 54 47 55 53 52 54 55 55 55 53 55 54 55 54 54 53 54 54 54 54 53 54 54 53 53 53 54 53 53 53 54 50 51 54 55 56 56 53 56 55 52 20 35 52 56 55 13
53 53 36 43 27 50 51 41 50 49 49 47 42 42 39 52 52 29 55 55 52 53 49 52 50 54 52 54 49 53 43 42 46 52 40 44 45 48 49 35 46 35 49 37 52 49 42 47 54 53 50 52 46 43 31 50 48 36 52 49 50 50 47 37 48 43 45 54 44 47 48 48 37 47 54 49 53 52 52 54 51 54 50 50 36 54 46 47 46 38 47 52 48 49 53 50 52 35 53 43 49 40 53 52 51 13 54 53 41 54 45 31 37 50 55 45
55 51 46 51 50 47 50 35 49 52 49 42 38 29 49 52 54 32 54 55 53 42 43 38 33 51 40 50 54 49 52 47 43 53 50 51 50 51 52 53 50 52 50 51 54 52 53 53 47 49 50 53 50 35 36 53 45 25 57 42 44 48 48 46 49 42 46 55 45 44 41 34 50 51 56 50 47 56 53 48 48 51 45 46 49 49 56 52 54 54 49 47 54 51 48 48 54 49 53 53 53 45 55 56 56 55 56 54 54 51 42 52 51 55 51 46
52 41 42 47 55 47 44 44 49 43 29 42 48 41 43 48 49 41 52 43 29 43 42 44 32 46 26 47 51 41 45 28 40 51 47 50 39 42 51 49 50 40 43 48 43 53 50 48 53 54 42 48 36 50 29 51 52 34 55 54 53 56 53 55 52 52 47 55 42 55 44 31 48 55 53 53 56 50 54 53 53 53 50 46 47 46 53 50 53 45 48 49 56 45 55 50 53 53 47 54 51 42 51 55 50 54 54 56 45 45 30 47 56 49 51 55
51 54 46 50 48 43 46 50 48 51 53 45 47 44 48 53 54 52 55 49 49 38 45 38 42 55 48 52 48 50 48 45 35 56 47 55 49 54 56 46 50 45 40 31 49 54 55 46 54 53 48 53 47 32 36 56 45 32 54 56 54 54 50 53 52 54 52 56 54 53 50 50 52 55 55 55 55 55 53 51 54 53 54 52 54 55 51 56 52 50 52 54 55 56 55 56 56 54 52 55 55 45 55 56 53 50 54 56 55 56 52 35 42 55 56 31
49 46 32 42 37 44 44 41 30 51 41 39 36 34 40 49 36 22 51 37 43 43 32 44 38 48 46 40 39 39 37 21 40 34 45 41 37 41 48 34 36 44 47 35 42 51 50 53 47 47 44 48 39 51 46 50 41 38 54 49 36 44 35 48 46 46 35 45 44 42 35 28 39 50 47 34 50 47 48 36 38 48 39 50 48 50 30 26 34 25 48 36 47 45 41 48 51 38 42 46 52 41 52 52 46 47 53 52 45 48 43 46 47 52 43 44
48 49 53 47 53 46 48 48 45 47 50 46 41 40 47 53 47 43 47 44 52 53 53 52 54 52 56 55 32 48 47 34 41 55 15 56 45 49 55 41 42 50 50 35 51 54 47 44 46 55 53 54 36 54 49 50 53 45 42 46 46 41 38 40 41 42 32 49 43 49 38 44 38 50 49 44 49 45 54 47 45 52 44 53 40 30 18 43 38 31 41 45 37 49 41 48 41 38 42 39 46 37 49 52 47 46 39 49 53 41 26 30 30 51 40 41
53 50 50 53 45 44 47 46 39 43 44 47 46 40 52 51 43 29 52 53 51 51 53 52 50 50 49 51 47 49 44 19 46 48 52 52 38 38 44 36 46 50 53 13 48 52 53 50 51 53 52 54 40 51 51 50 47 21 54 52 48 54 47 50 52 51 39 49 42 51 47 41 51 50 54 47 54 52 52 53 52 54 53 47 52 53 49 49 49 34 39 50 53 55 51 54 54 50 52 53 51 46 50 53 51 28 54 54 52 52 24 54 52 51 50 24
54 49 47 50 44 53 49 50 25 46 47 46 46 46 35 51 47 44 53 55 48 52 49 52 50 50 54 53 48 46 49 24 46 51 43 53 43 53 54 40 31 52 41 47 46 55 51 51 53 54 54 56 44 54 31 54 50 32 53 56 48 55 47 55 49 50 32 56 50 50 48 45 48 53 56 47 56 51 55 55 49 56 54 52 55 54 36 42 44 39 49 48 54 54 53 53 55 29 41 56 52 41 55 53 49 53 56 56 54 47 41 44 46 55 52 43
55 55 49 55 30 56 51 51 53 56 52 56 54 54 53 56 54 54 54 56 55 56 55 56 55 56 55 55 55 56 55 48 56 56 55 54 51 53 53 55 54 56 56 54 54 55 55 48 56 55 54 51 47 52 51 56 54 53 53 56 55 56 56 52 52 53 42 56 46 54 55 48 54 55 56 48 56 56 56 56 55 56 55 55 53 53 55 55 51 50 53 53 56 51 55 54 56 52 49 53 53 53 56 56 55 56 56 56 56 46 38 56 56 56 56 46
53 54 54 46 53 50 48 54 47 52 56 55 49 55 40 49 55 51 56 56 53 46 48 48 44 51 50 55 40 51 52 39 53 54 46 50 42 47 47 21 52 54 51 54 55 53 54 49 56 54 46 55 47 46 41 53 48 38 48 55 54 46 51 50 53 49 48 52 54 54 52 55 46 47 48 48 55 55 51 42 53 45 42 40 28 53 38 53 52 41 54 55 48 46 49 48 47 49 48 54 51 51 51 55 52 41 50 55 49 54 14 32 54 54 51 43
55 53 48 55 46 48 48 52 45 50 51 51 51 50 48 53 41 42 54 54 50 48 43 47 50 53 50 51 42 53 30 16 48 49 51 49 46 50 53 49 43 52 52 51 52 50 51 46 54 54 49 46 26 34 36 54 41 25 52 50 51 52 39 47 45 51 18 52 47 48 48 51 41 51 54 48 54 50 49 48 51 49 44 49 49 51 46 47 32 21 53 52 52 47 49 46 54 48 37 50 52 48 52 52 51 38 49 55 52 45 30 14 49 52 50 34
52 47 50 40 40 52 47 48 51 47 51 49 36 47 52 49 52 16 47 51 49 42 44 52 51 49 47 53 51 43 42 47 36 50 49 53 49 54 52 44 50 54 51 39 51 54 48 14 45 54 49 54 54 50 21 49 53 29 54 52 40 39 36 47 45 47 48 54 44 51 42 44 50 49 53 32 51 45 44 48 43 54 48 49 45 50 51 37 30 42 35 48 51 51 52 50 56 53 52 46 47 43 50 54 54 52 33 54 45 53 26 35 52 53 50 45
53 53 44 44 44 47 39 45 47 51 45 34 33 28 45 43 49 30 56 46 43 50 46 50 49 44 51 51 53 48 45 40 41 51 44 52 42 44 49 38 48 50 45 20 50 47 49 38 44 50 46 48 48 32 48 36 46 27 51 46 42 45 44 45 47 46 48 49 47 37 30 30 49 50 49 45 47 42 53 54 52 55 51 50 45 51 52 46 44 51 42 37 51 44 49 45 54 28 47 52 52 28 50 51 49 52 52 55 45 31 17 18 49 54 42 50
46 50 49 52 48 46 39 41 45 49 52 27 38 50 47 50 50 46 54 35 43 50 48 44 42 55 39 51 48 51 46 38 31 48 46 53 48 52 51 48 49 51 49 29 39 52 54 33 53 49 44 46 46 41 31 54 49 37 47 54 49 54 46 52 53 50 40 53 47 47 47 52 51 55 54 42 56 48 43 54 54 54 52 45 42 54 50 49 50 45 45 49 53 53 56 56 54 45 47 50 51 44 51 56 50 54 53 56 54 51 46 30 56 56 51 30
55 54 53 53 48 52 52 52 48 55 52 41 46 55 52 46 52 46 53 53 52 56 56 54 56 54 54 54 50 56 53 48 51 56 56 53 52 51 56 52 52 54 53 54 54 55 51 47 54 55 49 54 30 29 53 55 56 17 55 53 53 54 54 54 54 54 53 54 49 54 51 46 54 53 54 55 54 53 54 53 55 54 54 54 53 54 49 54 54 51 53 54 56 49 53 53 54 54 53 52 53 53 54 55 54 52 56 55 54 56 13 55 55 55 56 14
45 46 51 49 49 44 45 47 44 47 52 51 30 40 50 49 47 38 52 51 49 53 49 54 43 51 45 53 33 46 41 44 39 52 47 51 46 51 48 45 49 47 47 46 51 49 34 34 46 50 47 52 15 30 30 41 34 15 44 48 43 49 45 44 43 49 39 52 35 48 31 45 46 45 55 34 51 45 46 51 51 54 46 44 44 46 37 53 33 35 43 46 47 40 49 53 48 46 45 48 47 51 51 51 50 36 45 52 49 41 22 44 38 38 50 22
54 50 44 45 34 33 40 42 41 54 45 37 42 44 40 41 50 46 50 51 43 42 47 31 33 39 39 48 51 42 47 43 42 54 51 41 37 46 52 29 42 42 49 33 52 44 50 43 47 46 49 54 39 42 53 51 36 25 50 51 40 44 35 48 47 50 35 41 47 50 43 45 35 50 52 45 50 46 44 49 46 53 47 34 29 43 46 47 36 49 44 40 54 32 38 48 52 47 32 40 43 47 51 50 51 47 51 52 54 53 27 18 49 48 43 34
49 53 47 46 43 41 45 45 40 52 40 47 47 49 48 48 42 36 51 52 46 42 33 45 44 51 51 54 35 52 43 30 48 51 33 52 46 48 51 44 41 45 50 37 50 50 47 49 52 52 39 52 21 34 36 47 37 25 36 49 42 45 45 39 36 46 32 47 42 45 42 39 44 45 48 35 51 50 49 44 43 49 44 47 37 46 28 40 38 21 49 44 36 46 45 46 49 40 30 49 49 43 53 50 44 31 29 52 46 37 11 9 41 47 48 41
57 55 54 56 55 56 56 56 54 55 54 55 53 53 55 54 56 53 56 55 50 51 55 52 52 55 55 55 56 50 52 53 51 56 55 37 48 46 55 55 55 53 54 52 56 56 54 55 56 56 49 55 55 54 55 56 54 37 52 51 52 53 53 52 51 52 46 50 40 51 50 50 51 53 54 52 54 55 51 49 50 55 45 50 46 51 52 34 36 50 53 51 52 31 43 30 55 51 54 52 52 48 51 54 55 55 53 54 53 52 34 28 54 54 51 30
49 43 45 49 47 42 41 49 34 43 46 40 34 37 42 41 39 26 52 36 43 34 43 41 48 42 34 37 45 41 40 37 38 47 33 41 35 39 43 27 39 51 41 48 44 54 46 39 35 55 31 48 28 33 38 43 37 26 40 47 31 45 21 37 39 47 31 38 36 39 31 33 35 42 43 42 47 31 48 32 32 36 40 39 27 44 40 36 33 30 44 35 41 31 40 39 46 29 40 45 42 33 38 49 43 50 31 44 39 38 19 23 44 49 38 30
57 56 55 56 56 56 55 56 52 55 54 56 56 53 50 56 56 56 56 56 55 55 52 54 56 56 55 56 55 56 56 50 56 56 55 56 54 53 55 53 53 55 55 55 56 56 56 48 56 55 56 56 55 51 51 56 56 44 56 55 54 55 52 49 51 54 52 55 56 55 56 55 52 56 55 54 56 56 56 56 55 56 55 56 55 54 53 56 54 54 53 56 53 56 55 56 56 53 52 55 53 56 56 55 56 56 54 56 56 56 39 50 40 56 55 46
55 53 55 56 54 49 52 54 44 48 55 51 53 55 36 55 55 43 56 56 54 51 53 50 54 53 52 51 48 55 53 40 52 54 48 41 42 23 44 49 47 53 52 52 53 54 52 49 54 55 44 53 41 42 50 53 56 46 51 55 54 50 54 45 43 55 31 54 54 54 49 52 46 55 54 49 55 55 53 51 54 53 53 53 53 52 48 54 47 50 53 54 46 52 22 50 50 53 49 53 51 54 52 55 55 54 52 56 54 53 25 51 52 53 53 43
56 55 53 54 52 55 55 53 53 55 55 50 51 53 51 55 55 50 54 53 53 56 55 55 54 55 55 54 54 55 55 52 51 55 53 51 52 54 55 52 55 56 54 48 54 55 54 56 54 56 34 54 54 23 54 56 55 33 55 55 55 55 51 50 53 53 53 54 51 55 51 54 53 53 54 55 55 53 53 55 55 55 55 53 53 54 53 53 52 50 53 55 53 45 51 55 55 47 52 54 53 52 53 55 55 55 55 55 55 54 27 2 55 55 53 42
52 45 40 49 46 49 50 45 30 52 48 43 34 45 39 48 50 41 44 53 26 48 52 54 41 43 43 48 38 43 46 28 46 46 41 33 39 36 43 25 34 47 47 48 46 46 44 26 53 51 31 45 46 40 27 46 44 34 48 47 44 44 45 46 46 43 22 51 28 49 38 33 32 43 50 47 49 50 40 40 45 49 45 43 43 50 30 41 42 33 49 44 39 22 38 42 46 22 23 49 48 47 49 49 49 33 40 53 49 50 25 36 42 52 49 37
56 56 55 56 55 50 55 52 53 56 52 54 50 48 52 47 55 38 56 55 49 54 56 51 54 56 54 56 55 52 51 53 50 56 52 53 53 49 55 50 53 53 49 52 53 56 54 46 56 56 56 56 42 38 45 56 55 49 54 56 55 54 54 52 54 53 55 54 29 56 52 48 52 55 54 55 55 54 55 56 56 56 55 56 56 56 56 55 55 56 54 56 55 54 56 55 56 52 55 56 51 40 55 55 55 55 54 55 55 52 46 52 52 54 55 54
55 53 55 53 51 54 52 53 54 55 31 51 55 52 54 54 55 48 56 56 53 55 52 54 52 54 54 54 53 53 54 49 48 56 52 56 53 54 55 50 52 31 53 54 56 54 49 44 53 54 41 54 53 43 46 56 54 51 53 54 55 51 43 54 54 54 50 53 37 52 51 50 54 49 53 52 54 54 52 55 55 53 53 55 53 54 51 51 51 48 52 54 52 51 52 54 54 52 52 54 50 17 55 54 55 50 55 53 53 54 38 4 54 53 52 47
50 53 32 52 52 44 46 48 49 49 36 48 52 45 51 50 46 37 54 51 46 50 49 52 55 50 54 52 49 54 52 48 49 53 50 47 52 40 46 48 51 48 49 48 52 52 37 30 48 56 35 47 38 47 28 55 35 21 53 49 46 51 48 46 47 50 45 52 45 44 48 45 51 50 50 50 52 35 36 48 49 51 46 52 50 49 45 47 44 41 50 54 41 39 40 54 53 46 45 50 52 49 53 48 46 27 42 54 53 41 12 24 46 54 48 22
55 54 56 54 55 54 47 54 51 55 56 55 55 49 50 55 55 47 54 55 54 55 56 52 56 56 54 55 47 56 54 49 50 56 54 55 50 48 50 48 53 53 56 55 56 56 48 54 56 54 48 55 46 52 45 56 51 35 57 54 51 53 53 51 53 54 36 54 53 53 53 52 50 52 55 53 56 52 53 56 56 56 56 56 54 54 46 53 50 49 54 55 55 44 54 51 47 42 53 56 56 50 54 56 56 48 55 56 49 50 44 51 53 56 54 43
55 52 51 49 47 50 49 54 55 56 48 56 54 54 54 49 54 44 51 53 55 56 46 55 47 50 52 50 51 53 52 52 34 56 51 53 53 51 56 54 56 55 52 53 53 56 48 49 56 56 38 55 56 50 45 56 52 36 55 54 52 40 32 50 50 48 51 54 36 55 54 50 52 56 53 54 53 54 46 55 53 55 55 55 53 53 51 55 49 53 38 52 50 50 52 49 53 52 52 53 50 50 55 55 51 52 52 53 31 53 39 22 48 54 53 47
45 48 52 53 51 39 44 49 45 43 49 53 49 51 49 51 46 52 51 51 54 44 39 44 47 51 37 53 45 54 40 41 34 50 43 49 48 46 48 45 48 51 48 53 55 42 48 51 48 43 28 27 37 32 28 48 33 17 45 50 54 46 52 48 50 50 38 51 42 53 48 52 51 50 55 49 54 48 45 49 45 52 42 45 44 49 42 48 36 48 28 53 46 38 46 45 49 48 51 50 49 48 53 46 50 41 33 46 53 51 26 29 55 45 28 30
54 50 53 48 50 51 46 46 43 42 49 43 46 43 47 49 50 45 52 51 49 51 47 52 52 49 50 52 48 54 52 40 43 52 35 53 48 41 39 43 43 48 46 43 42 52 41 32 53 56 45 51 47 35 27 52 32 24 47 37 52 49 48 47 43 49 42 52 45 38 45 41 48 45 51 52 53 45 40 51 43 54 48 48 44 52 30 50 50 47 46 52 36 43 45 41 44 48 44 52 38 44 54 48 47 41 48 40 39 30 22 38 38 50 17 35
57 56 56 56 56 56 56 56 55 56 56 56 56 56 56 56 56 54 56 56 56 55 56 56 56 56 56 56 56 56 56 56 56 56 56 56 56 56 56 55 56 54 56 48 56 56 55 56 56 56 55 56 55 56 55 56 52 55 56 55 55 55 53 55 55 54 53 55 53 55 55 52 53 53 54 55 55 56 55 56 54 56 56 56 54 55 54 56 56 54 56 56 54 55 55 55 55 53 53 54 53 53 55 56 56 56 56 56 56 54 21 41 55 56 56 46
52 55 50 39 47 52 50 48 51 49 55 47 55 54 51 53 53 48 53 50 42 50 49 49 51 54 50 49 54 50 45 42 41 55 45 46 51 43 51 52 54 49 54 43 55 52 44 49 51 54 38 55 32 43 40 53 46 13 53 52 45 50 43 53 54 50 41 52 50 51 55 50 53 51 51 36 54 56 50 54 48 55 42 46 46 52 51 47 50 42 50 55 54 53 50 52 45 46 49 50 53 44 51 50 51 50 56 55 53 51 26 33 49 52 54 47
53 52 53 51 53 49 38 46 49 51 50 50 54 52 51 50 52 42 53 48 37 44 48 42 49 51 46 48 52 51 49 50 42 52 48 43 49 52 51 47 51 52 46 42 50 52 51 16 54 45 29 53 49 20 33 53 51 10 53 48 51 50 48 45 46 42 47 54 51 52 51 40 51 51 55 46 52 50 48 49 48 51 41 49 43 37 48 51 50 50 40 52 50 32 51 50 53 51 53 52 46 49 54 51 51 26 56 48 40 54 12 39 51 54 42 31
41 37 46 40 40 33 44 38 37 40 33 44 43 35 30 39 46 43 28 31 36 45 42 38 41 46 38 52 43 46 32 25 34 50 40 38 32 25 46 26 32 44 40 32 37 40 37 37 43 44 34 45 39 34 39 45 32 42 38 36 30 37 35 30 38 41 30 36 21 52 43 36 44 39 37 45 46 38 43 41 45 42 45 44 42 45 40 40 31 31 34 48 49 50 27 35 48 36 38 48 44 42 41 49 40 39 49 52 43 51 46 37 36 41 53 41
52 33 55 40 36 51 46 49 46 52 43 40 49 42 50 51 46 29 52 50 49 49 39 48 49 54 44 53 53 52 45 47 26 45 40 53 47 50 53 40 46 51 48 47 49 54 55 52 54 46 49 56 51 45 41 56 53 46 56 50 39 56 28 51 49 50 45 56 53 51 45 24 54 52 54 48 48 55 47 51 50 54 46 47 47 53 48 41 48 50 46 53 31 53 48 50 51 42 50 48 45 34 52 55 53 45 53 53 48 41 39 43 49 54 44 48
57 56 55 56 54 53 56 56 56 56 56 55 56 56 56 55 55 54 56 55 54 55 54 53 55 55 56 55 55 56 56 54 54 56 56 55 55 52 55 56 56 55 55 55 56 56 56 54 56 56 54 56 50 56 37 56 56 45 55 54 55 54 53 54 54 53 53 55 52 54 53 54 52 52 54 54 54 56 54 51 52 54 52 52 53 53 53 55 54 52 53 55 54 54 52 55 55 52 54 54 53 52 54 55 54 48 55 55 56 48 20 7 56 55 56 38
51 38 30 35 25 39 47 40 33 32 50 40 43 50 39 44 43 36 50 44 48 33 27 44 39 47 51 50 37 46 39 36 45 47 50 50 39 41 44 40 48 42 47 47 55 56 49 45 52 50 45 48 44 25 35 49 36 45 45 51 35 51 24 43 49 45 37 49 50 50 47 49 45 49 54 56 53 53 51 28 34 51 38 47 45 54 41 45 40 42 49 56 55 43 45 48 47 42 47 47 49 48 53 55 44 46 54 56 52 45 39 23 48 56 43 49
52 38 29 35 25 51 32 47 51 46 55 49 53 56 52 52 53 51 51 49 51 45 48 45 43 45 50 51 52 48 42 53 51 52 51 53 52 51 53 52 54 54 52 50 52 51 47 39 51 51 50 46 46 32 29 51 50 21 47 53 36 46 43 41 39 51 55 56 53 51 52 54 51 52 54 53 52 46 53 51 51 55 48 44 42 54 55 47 31 45 43 55 56 53 54 55 53 53 55 55 54 50 54 56 44 50 50 51 38 48 32 44 46 54 50 39
55 53 51 52 51 54 54 53 54 54 44 55 52 46 52 52 52 54 53 51 50 53 50 53 52 53 52 51 53 51 51 50 51 51 52 54 53 54 53 45 51 52 54 37 52 53 52 11 52 53 47 52 54 43 30 54 54 17 54 54 54 54 52 47 54 54 51 53 52 55 52 41 54 54 54 56 56 54 54 54 54 54 54 54 53 55 55 51 51 54 54 56 53 39 55 51 55 55 55 52 55 43 55 55 53 55 51 56 49 53 21 44 47 54 55 50
57 56 55 56 54 55 56 55 55 56 56 55 55 55 56 56 56 52 55 55 55 55 55 54 55 55 56 56 56 55 56 55 55 55 56 55 55 54 54 56 55 55 55 55 55 56 55 46 55 56 56 56 55 55 55 55 56 31 55 55 55 55 55 53 55 55 55 56 55 55 55 55 55 54 55 48 55 55 54 54 55 55 55 55 54 55 55 55 53 53 52 56 56 53 54 54 56 54 54 54 54 52 55 55 55 56 56 55 56 56 50 13 52 55 52 56
57 56 55 56 54 53 54 56 55 55 55 56 55 56 54 52 54 49 55 55 53 55 56 56 53 56 56 56 56 53 53 52 55 54 56 55 53 54 55 55 56 56 56 53 56 56 55 49 56 56 56 56 44 43 54 56 56 50 53 53 55 54 52 48 53 54 53 55 34 53 54 55 51 54 54 53 55 56 53 52 52 53 48 52 55 55 55 50 40 51 52 55 56 46 53 45 56 54 55 55 54 50 55 56 55 56 54 56 56 53 29 47 56 55 56 44
53 54 46 51 49 44 49 52 40 52 50 49 45 50 34 46 51 41 53 52 51 54 50 53 52 52 50 51 50 54 54 50 42 51 48 54 40 50 56 32 51 49 49 36 51 55 51 43 55 54 40 51 51 31 33 55 46 32 54 54 51 50 48 46 49 48 46 52 50 51 42 53 46 50 50 44 53 50 51 54 52 55 55 54 52 55 52 49 52 54 51 55 54 55 50 52 54 48 54 53 55 43 54 56 52 51 52 56 53 45 17 27 37 51 53 51
57 50 54 55 55 52 55 53 35 55 54 51 47 50 47 45 55 46 54 53 38 53 54 54 48 50 53 56 56 51 42 38 52 53 52 56 49 54 53 48 52 53 55 50 54 54 47 44 53 56 47 54 45 50 54 52 55 51 48 47 48 53 52 42 54 56 35 53 46 48 48 46 47 46 54 51 46 39 50 52 49 52 53 49 54 51 55 48 42 35 47 48 55 52 53 53 55 40 45 50 50 45 56 52 50 41 52 55 52 50 45 40 43 56 55 27
49 44 45 44 29 47 44 53 32 40 46 45 49 50 35 43 48 31 51 49 50 40 46 46 49 46 50 42 50 53 41 25 49 50 45 49 31 31 50 38 51 51 53 40 51 51 45 50 51 54 46 48 51 51 39 54 52 47 53 48 52 47 47 44 48 54 29 49 31 49 47 46 40 45 53 49 54 49 41 41 46 51 44 45 48 39 52 34 39 29 34 47 50 42 40 26 50 44 47 46 48 35 47 49 51 31 53 54 44 49 49 42 50 56 50 46
56 43 50 51 36 51 51 50 40 53 51 47 47 48 42 53 50 43 54 53 49 54 49 54 47 44 45 54 52 51 51 43 53 50 36 50 48 51 44 37 44 51 54 44 47 52 38 21 54 55 36 53 43 52 46 56 51 49 52 52 50 49 53 46 46 51 42 54 44 52 44 42 49 55 55 39 53 51 49 52 45 55 53 50 49 56 55 50 51 51 49 36 55 44 47 28 49 51 44 49 50 54 54 49 44 51 53 56 49 51 47 29 41 56 54 56
56 51 55 53 55 49 47 47 36 55 49 48 48 48 51 44 45 53 56 56 56 47 46 54 46 45 56 54 56 55 43 36 50 54 56 55 45 56 55 38 47 54 49 49 52 56 56 56 54 55 44 55 55 53 44 54 55 38 55 55 52 56 55 51 53 55 36 56 49 44 48 47 39 42 56 54 55 55 54 46 46 53 43 48 48 53 55 48 39 45 50 54 53 50 54 48 51 44 51 54 45 49 54 51 51 46 56 55 52 52 48 49 53 55 53 41
55 56 52 55 52 52 50 56 43 50 46 51 45 40 47 53 55 43 48 55 52 42 45 45 48 48 54 53 45 50 50 43 43 49 50 41 37 39 40 53 52 56 53 55 55 52 45 50 55 54 52 50 53 51 30 53 52 53 55 53 46 51 45 54 53 56 37 56 48 51 44 47 42 52 56 48 56 55 50 51 48 54 53 49 54 56 46 50 47 34 47 49 54 51 34 51 56 31 48 49 54 54 53 50 49 52 50 56 56 55 50 50 49 56 52 45
53 53 53 53 54 52 51 54 52 53 50 54 55 52 52 52 53 50 54 54 46 53 53 54 53 53 54 54 52 53 51 54 52 53 50 53 54 53 53 53 54 52 53 51 54 54 54 47 53 54 49 55 53 8 25 54 53 6 55 53 53 52 52 53 53 53 52 54 46 50 54 53 54 53 54 54 54 44 54 53 52 54 51 51 49 54 53 54 51 54 52 53 53 52 53 52 54 54 53 54 54 52 55 53 54 55 55 53 51 55 5 9 48 54 55 34
47 47 53 43 38 42 37 39 35 44 47 37 44 45 50 41 53 47 51 54 49 46 45 44 48 53 51 49 45 46 36 28 40 50 45 51 35 43 45 28 49 50 44 46 39 53 49 46 42 45 46 51 23 38 44 47 30 13 41 43 43 42 35 42 46 40 32 52 40 39 48 47 47 43 51 49 55 53 45 49 50 52 52 51 50 50 48 43 34 25 45 50 50 45 40 44 54 36 54 46 45 43 47 51 46 46 41 55 35 52 19 20 42 45 48 24
52 55 55 56 56 53 55 54 43 56 48 53 48 41 52 52 52 42 55 51 52 56 52 53 52 54 53 55 52 49 48 39 46 55 56 54 54 54 56 49 55 51 55 46 55 56 56 55 55 53 47 51 48 51 56 56 56 48 52 54 55 54 55 49 51 54 47 56 49 51 47 49 53 51 55 45 54 53 53 54 52 53 51 53 53 55 56 49 40 38 54 51 54 45 55 52 53 48 54 52 53 43 54 55 53 35 55 56 56 55 47 53 30 56 55 52
49 49 50 45 43 46 47 43 47 50 39 47 50 43 48 37 44 20 50 46 50 47 49 47 48 50 50 49 49 48 47 50 45 54 45 25 44 52 24 51 47 47 47 44 50 49 44 17 51 50 47 44 33 27 40 47 51 9 45 49 52 51 50 49 49 45 45 51 30 47 41 37 50 47 48 26 55 54 50 51 47 48 47 48 46 45 44 49 42 46 44 51 47 36 55 28 27 49 45 48 44 41 44 52 47 46 53 51 50 50 14 20 25 55 32 28
54 52 50 51 50 54 53 51 52 51 54 46 41 51 53 38 54 41 54 52 53 54 50 54 50 54 54 55 49 55 52 50 52 56 43 54 53 51 52 51 51 54 52 52 55 48 48 50 54 51 40 38 46 8 45 51 48 23 51 53 51 55 54 49 52 52 49 50 44 52 50 55 54 51 52 40 55 53 53 55 53 55 54 54 54 55 40 53 50 42 52 50 47 54 53 53 53 48 52 54 53 51 52 55 55 53 53 54 50 52 11 32 47 54 44 35
53 54 50 55 52 35 46 47 53 54 48 50 42 39 53 55 53 48 56 54 53 34 51 44 52 53 52 55 53 54 55 56 52 54 34 54 53 54 54 54 55 53 53 50 55 48 48 33 51 49 53 53 52 56 55 55 51 36 55 54 55 55 54 53 53 51 54 54 51 53 49 51 54 55 55 53 55 54 56 45 53 52 52 53 55 56 53 56 54 54 52 54 44 51 53 53 55 55 55 53 49 49 55 56 56 53 52 56 56 56 37 25 45 54 39 55
45 47 48 38 43 39 31 35 26 35 49 42 38 39 51 40 50 42 48 38 48 38 51 41 50 45 41 42 37 47 41 27 39 55 43 46 40 47 51 27 27 49 46 46 45 50 45 33 44 45 53 48 27 44 47 46 36 41 45 37 45 41 42 46 42 31 36 53 48 36 31 14 47 51 49 51 51 48 48 51 46 50 47 53 41 51 37 48 33 38 44 48 52 44 50 42 52 34 38 47 47 43 46 53 43 31 28 54 47 47 34 22 29 44 51 23
57 55 55 56 55 56 56 56 53 55 56 54 56 54 56 56 55 53 56 56 55 53 55 56 54 56 54 56 56 56 56 54 48 56 55 55 56 56 56 56 56 55 55 56 55 56 56 56 56 56 55 56 55 56 53 56 55 44 57 55 56 56 56 56 56 56 52 56 53 54 56 56 55 50 56 55 56 56 56 53 56 56 55 54 55 55 56 54 54 51 54 56 56 55 56 56 56 56 56 55 56 53 56 56 56 54 56 56 56 56 54 53 50 56 56 53
54 53 46 48 44 42 44 36 42 47 45 42 32 35 41 45 47 54 54 47 49 53 53 51 42 47 40 44 47 55 54 38 52 52 47 54 42 39 47 44 44 53 54 31 42 51 50 25 50 54 41 49 46 48 18 55 54 46 55 53 50 51 47 50 50 51 46 48 40 51 38 39 47 49 50 56 55 56 55 52 54 55 50 42 44 47 54 54 51 47 54 54 55 55 54 53 55 52 50 52 53 49 51 55 51 44 56 55 51 48 8 52 28 53 52 45
53 53 53 51 48 49 51 51 53 52 51 51 51 49 52 54 53 49 54 53 52 54 51 54 54 51 47 54 49 48 42 43 51 53 50 43 53 54 48 50 52 52 51 51 53 54 52 52 55 53 49 46 20 19 49 50 23 10 52 54 47 55 51 50 51 52 46 53 54 55 50 53 53 54 54 47 48 51 53 52 55 54 50 51 42 52 43 42 45 39 50 55 53 40 54 45 44 47 46 53 49 50 45 54 53 33 54 56 51 46 21 31 49 46 46 19
56 55 54 54 53 55 54 54 54 55 54 55 55 50 54 54 54 52 54 54 55 55 54 55 55 55 54 55 54 55 54 54 54 54 54 55 52 54 54 54 54 54 54 54 54 55 55 54 54 55 55 55 56 4 56 55 54 28 57 56 56 56 56 55 55 56 54 56 56 56 56 54 55 55 55 54 56 53 55 56 55 56 55 55 53 55 55 56 55 55 54 56 56 55 56 56 51 52 53 55 52 55 55 56 56 55 56 56 55 56 39 56 55 56 54 44
53 54 53 50 51 50 51 46 45 40 50 42 41 48 51 45 51 49 54 55 45 55 54 55 53 52 52 55 50 52 49 48 52 53 47 54 50 53 54 42 47 51 54 56 45 56 54 55 56 56 52 53 38 42 49 55 52 27 51 52 46 53 38 47 46 52 46 54 49 47 47 51 50 48 51 48 54 55 54 55 51 56 52 48 35 55 49 46 37 42 51 52 51 40 54 45 50 48 50 51 53 52 50 56 49 49 56 56 55 52 26 41 48 54 37 30
57 56 56 56 55 56 55 55 56 56 55 55 56 56 56 49 56 53 56 54 56 56 55 56 56 56 56 56 56 55 55 55 56 56 56 55 56 54 56 56 56 56 56 56 56 56 55 56 56 56 54 55 56 52 56 56 56 56 56 54 53 56 53 53 55 56 54 55 43 55 52 56 56 48 56 55 55 50 53 54 54 54 55 56 55 54 56 54 52 54 55 56 56 54 54 51 55 55 56 56 56 53 55 56 56 53 53 56 56 56 49 44 55 55 53 44
50 55 52 51 52 49 51 55 44 50 51 49 50 56 49 46 50 35 55 55 54 51 41 50 49 56 53 52 47 49 45 44 46 55 42 39 52 52 45 53 47 54 52 54 51 56 46 56 54 54 48 53 39 48 35 49 46 14 46 55 44 49 47 49 50 52 45 52 53 44 38 45 49 49 53 39 53 55 49 54 53 55 47 49 53 50 43 45 43 34 38 48 44 40 50 42 44 51 46 51 43 46 52 53 53 45 55 55 53 51 37 25 25 46 46 49
55 55 48 54 48 53 53 52 47 52 48 51 50 45 54 52 53 44 54 53 55 51 48 52 47 51 49 52 52 55 55 46 52 53 54 53 53 53 54 49 50 54 54 50 55 53 53 46 55 54 44 53 5 20 37 54 55 45 55 52 51 54 53 54 54 53 51 55 46 51 51 52 53 53 53 52 55 54 54 53 53 54 44 46 36 54 54 42 45 47 52 54 54 52 54 55 54 53 52 54 52 53 54 54 51 50 54 55 54 51 6 38 52 53 54 32
50 37 43 46 37 40 45 49 30 45 43 32 25 27 48 41 43 34 53 54 47 35 36 29 29 28 25 38 37 29 40 31 32 47 38 39 43 47 44 38 42 44 43 45 52 49 49 31 37 39 41 48 27 29 35 49 35 31 45 49 33 50 39 48 47 50 36 47 40 43 35 29 45 43 50 45 51 44 46 37 49 41 31 24 39 35 31 26 42 35 42 41 47 45 44 45 47 36 41 43 50 47 54 51 46 38 45 50 44 54 23 29 41 52 42 29
54 50 45 55 47 54 53 51 51 56 48 39 51 54 55 44 55 45 55 54 56 55 56 56 56 56 56 56 36 52 52 46 49 56 51 48 53 53 56 54 52 54 54 55 56 56 55 49 56 56 50 54 53 52 51 54 53 50 52 55 51 55 49 53 53 56 47 56 49 52 49 56 56 46 54 49 55 52 56 56 55 56 56 56 55 56 45 54 51 48 55 56 56 46 56 54 52 53 43 52 55 55 56 56 53 55 56 56 56 54 47 44 52 56 51 54
56 54 55 51 49 52 42 53 51 48 49 47 53 55 52 49 54 42 54 52 52 56 54 54 48 55 47 54 55 47 40 39 53 55 54 54 46 52 51 50 52 46 46 50 54 51 50 40 54 56 53 46 36 38 39 49 52 43 54 53 55 54 54 48 39 52 49 56 47 51 53 50 52 54 54 48 54 48 55 54 51 54 51 53 50 51 51 47 38 40 52 52 56 47 55 52 54 41 51 49 51 50 53 53 47 48 51 56 42 39 45 25 51 52 39 48
54 48 54 48 48 50 52 48 50 47 54 41 43 53 52 34 53 29 54 45 48 39 43 40 46 53 44 50 46 53 52 51 46 55 46 54 52 50 54 44 50 53 45 45 52 55 56 52 55 51 50 55 55 55 52 56 55 51 56 53 49 54 53 55 55 53 41 49 44 48 52 56 56 50 55 48 53 51 51 46 50 51 43 43 43 49 53 55 55 52 52 53 50 51 56 48 56 39 46 54 53 51 56 55 53 53 56 56 47 54 36 45 56 56 53 45
56 55 55 55 55 54 48 55 55 55 52 52 54 56 54 54 55 48 55 56 54 55 51 52 49 54 51 54 55 53 50 47 51 55 55 55 54 55 55 55 54 54 55 48 53 54 56 51 55 54 54 53 46 55 56 55 55 11 54 54 54 53 54 47 52 52 41 55 53 54 54 53 49 55 55 51 50 48 50 53 53 55 49 50 41 43 55 55 55 55 50 54 55 48 54 53 50 54 55 53 54 52 53 55 54 44 51 53 53 53 8 48 42 53 46 52
55 52 52 52 54 52 54 54 52 55 54 55 56 45 50 55 41 38 55 54 56 52 50 53 52 54 52 55 52 53 55 54 48 56 41 52 55 54 56 51 53 54 54 37 55 51 52 52 54 53 52 55 39 46 49 55 53 30 53 54 53 55 52 52 52 52 47 55 55 54 53 52 51 53 53 51 54 48 49 52 54 54 52 53 52 53 53 54 49 50 55 56 43 54 52 55 53 53 53 52 53 51 53 56 55 50 53 56 56 28 14 22 50 55 50 48
54 53 53 55 39 52 49 48 47 55 20 37 41 26 51 46 52 54 53 56 52 49 48 49 51 55 50 51 52 50 53 45 32 52 49 53 48 52 50 53 47 54 56 56 52 51 53 27 55 48 50 53 53 53 49 55 51 53 49 55 51 54 53 48 48 50 52 55 22 45 41 35 52 51 54 54 56 56 54 55 54 55 49 52 53 54 53 50 50 50 56 53 55 54 49 53 54 52 52 55 54 48 53 55 56 54 52 54 52 50 43 28 54 54 55 53
55 46 53 48 54 53 54 56 43 50 53 51 50 48 48 52 54 48 55 55 52 54 44 50 48 54 55 53 49 50 52 44 49 46 39 53 39 42 54 34 50 54 55 51 50 54 50 51 54 54 52 55 51 34 51 54 50 21 53 52 53 50 55 53 52 55 48 51 54 54 50 47 48 55 51 45 56 55 54 54 47 54 51 54 51 55 51 41 44 43 49 44 53 47 46 54 54 47 53 54 54 52 55 56 51 52 50 55 50 49 23 23 48 54 52 49
47 50 47 45 39 47 35 50 27 42 48 44 39 49 42 41 41 38 52 49 53 44 40 43 37 42 41 44 35 31 29 28 41 51 49 45 29 38 52 33 45 50 52 44 50 48 39 45 50 41 50 52 36 45 49 46 33 36 46 54 41 54 46 40 43 46 26 39 45 50 45 44 41 54 53 39 53 49 49 43 45 46 43 39 43 44 42 43 33 26 45 49 54 48 38 45 46 39 46 47 49 41 40 49 41 35 56 54 44 48 32 31 30 52 47 32
56 54 49 54 54 55 54 56 53 54 49 55 55 37 54 55 53 52 52 54 54 54 50 52 53 54 53 53 54 53 53 53 55 56 49 51 54 55 53 52 55 56 55 37 55 55 54 46 54 54 55 56 53 40 48 55 48 22 54 55 45 54 50 53 52 52 51 54 48 55 53 45 53 55 53 54 55 55 55 54 53 56 54 49 47 55 52 55 52 51 53 56 54 48 54 49 52 50 53 56 55 56 55 55 54 50 55 53 56 55 37 19 50 54 55 30
53 51 54 50 52 52 50 53 47 54 54 52 43 47 52 45 53 29 54 52 47 54 39 55 50 53 53 54 48 50 49 45 49 40 47 48 48 47 49 41 46 53 49 50 51 53 46 46 54 54 40 53 26 41 45 56 47 30 51 55 54 50 50 51 48 48 49 53 51 53 44 55 49 48 52 49 55 52 51 53 36 53 53 55 49 51 49 53 48 50 52 32 54 53 50 54 55 48 47 52 52 52 55 51 43 51 53 51 49 55 20 30 27 53 51 37
52 48 47 50 48 50 48 52 36 43 52 45 50 46 47 45 40 41 52 54 50 46 45 46 50 47 51 53 44 46 38 26 31 51 45 51 41 44 48 42 40 28 48 35 52 55 52 44 54 54 47 52 32 33 53 44 43 39 56 45 53 49 53 43 47 50 35 54 44 47 38 45 43 45 53 40 48 48 53 47 47 49 46 50 38 55 50 50 43 36 43 44 53 55 41 48 52 46 36 48 54 41 55 54 54 37 54 50 46 49 43 51 29 44 55 28
40 53 51 48 50 45 50 54 51 39 49 44 52 51 47 46 55 45 54 50 51 51 51 48 49 49 44 53 48 47 27 40 49 53 52 52 53 51 52 40 50 52 53 47 51 54 52 20 53 54 42 53 46 47 20 47 51 28 47 51 45 49 34 52 52 51 44 47 49 47 47 48 53 45 50 46 54 54 51 52 47 52 51 51 48 53 50 41 24 35 48 46 54 52 53 51 54 35 51 49 52 49 54 52 53 52 49 54 40 53 25 30 46 43 52 32
57 56 55 55 53 51 56 55 54 55 53 52 54 55 53 54 55 52 55 56 54 55 46 50 46 56 55 56 55 54 53 54 55 56 51 56 52 55 55 54 54 55 56 54 55 56 54 56 55 56 48 53 51 47 51 55 45 38 55 56 50 54 54 42 52 54 53 55 43 54 53 52 53 54 53 48 53 48 54 51 52 54 40 45 44 54 54 54 52 54 52 55 54 51 54 56 53 53 53 50 53 42 54 55 55 48 49 56 51 49 24 21 47 49 53 51
54 53 54 52 56 53 54 54 52 51 54 52 55 55 53 52 51 55 54 55 53 54 54 54 54 54 56 55 55 54 53 52 51 53 55 53 54 56 53 53 55 55 54 55 55 55 55 47 54 55 48 56 25 39 55 56 56 11 56 54 55 53 55 53 54 53 55 55 56 55 56 53 54 54 53 55 56 56 56 54 54 56 53 54 56 55 55 55 55 53 54 55 56 55 55 54 54 53 54 53 54 56 56 56 56 53 49 56 54 56 37 51 56 56 53 22
54 37 42 37 19 40 45 38 40 51 47 28 50 45 48 47 47 36 52 55 47 43 46 40 41 52 45 48 40 52 51 44 25 52 42 45 45 40 44 30 43 52 37 45 54 49 37 45 51 47 43 47 25 41 53 49 42 33 49 36 41 39 22 33 51 50 33 55 52 26 48 46 48 42 49 40 51 50 47 46 51 49 45 36 42 47 35 35 46 33 38 46 42 49 46 47 43 34 40 54 46 46 45 50 44 51 50 51 42 46 21 45 53 49 52 45
52 55 45 52 47 52 53 48 48 50 52 28 55 49 53 54 45 47 51 55 52 52 51 52 49 54 53 54 47 51 52 43 32 53 47 47 54 49 54 53 51 56 53 25 51 56 49 52 53 50 53 53 53 27 55 55 50 34 53 54 54 54 50 54 54 53 49 50 52 51 51 52 53 53 55 43 53 55 54 53 54 54 50 51 52 49 50 52 53 47 42 55 49 44 52 53 53 55 51 51 53 31 53 55 55 52 54 54 50 55 29 42 49 51 33 25
43 46 52 35 44 32 50 51 40 44 48 46 45 49 49 42 47 35 51 48 43 37 44 49 39 47 44 52 33 43 35 45 50 49 55 48 49 49 52 43 48 39 52 41 43 53 54 48 47 51 52 55 30 45 41 51 22 52 51 54 50 53 49 55 54 53 47 55 48 52 50 49 49 51 52 22 51 49 46 37 53 52 54 52 50 51 46 53 27 50 36 53 55 48 55 46 53 46 47 46 49 46 54 51 49 49 54 55 54 38 26 47 53 45 32 47
52 53 53 48 52 49 52 51 45 53 53 48 47 50 52 51 53 32 56 54 51 56 56 52 50 54 52 52 44 54 50 32 41 51 43 43 52 44 35 48 46 46 50 52 51 52 49 50 54 54 34 49 43 51 39 54 56 31 50 52 55 50 49 51 53 53 45 54 53 53 52 54 53 54 52 52 56 56 54 55 54 54 49 48 52 49 41 48 47 43 46 52 43 37 50 42 39 47 46 53 47 47 53 49 39 52 56 54 45 48 29 38 55 56 43 28
52 50 44 49 41 44 45 42 34 43 44 46 46 46 48 54 43 42 50 51 51 47 45 48 50 53 52 54 52 46 42 31 41 53 45 53 43 50 55 36 36 40 53 32 46 53 48 23 54 52 54 53 44 50 35 55 44 23 56 51 51 49 46 51 50 49 40 54 46 53 53 52 53 54 50 51 55 48 53 52 52 54 46 53 53 48 46 51 52 36 51 54 51 46 50 53 55 50 41 46 51 52 54 54 52 46 46 56 51 44 15 46 36 56 53 50
57 56 56 56 56 55 55 56 55 56 55 55 55 56 56 54 56 52 56 56 53 56 53 54 56 56 56 56 43 56 56 56 56 55 44 56 56 54 54 55 56 56 56 54 56 56 54 51 56 56 56 56 54 55 54 56 56 52 52 56 54 56 56 54 56 56 55 56 56 55 52 55 56 55 56 51 56 55 55 55 56 56 50 51 56 53 36 52 54 56 55 56 54 51 56 55 50 56 56 56 56 56 56 56 54 55 55 56 55 55 46 49 55 56 55 55
57 56 56 56 56 55 56 56 56 56 56 56 55 55 56 56 56 56 56 56 55 56 56 56 55 56 56 56 56 56 56 54 55 56 56 56 56 54 56 56 56 56 56 56 55 56 56 55 56 56 54 56 56 56 54 56 56 56 57 56 55 56 50 52 54 51 54 56 56 54 51 50 56 56 56 56 56 56 56 56 56 56 56 55 55 56 56 55 53 53 56 56 56 56 54 54 56 56 56 56 56 56 56 56 56 56 56 56 55 54 55 55 54 55 51 55
57 53 54 53 47 55 56 56 55 51 55 55 54 46 55 53 52 56 56 55 56 53 53 54 56 53 53 54 56 53 53 55 54 52 54 55 53 53 53 56 56 56 55 56 55 56 56 48 55 56 55 56 46 32 55 56 56 36 56 55 56 55 56 56 56 56 56 55 54 56 55 55 56 55 55 56 56 54 55 55 55 56 54 55 55 55 55 55 55 54 55 55 56 55 55 55 55 55 55 55 55 55 56 56 56 56 53 56 56 52 25 55 56 56 55 56
56 56 55 56 56 55 55 56 55 52 56 55 52 46 56 55 56 55 56 56 53 56 55 56 55 56 55 56 55 54 55 53 56 55 54 54 55 55 55 52 56 56 56 38 55 56 55 54 56 56 52 55 56 52 45 56 54 51 55 56 56 55 56 53 54 56 55 55 30 56 54 53 55 56 55 51 56 53 56 56 56 56 55 55 53 55 55 54 54 53 56 56 54 53 54 55 56 55 56 52 53 43 55 55 56 49 55 55 55 54 47 43 54 54 55 52
56 54 56 56 50 54 55 52 49 52 45 50 52 46 53 54 55 55 53 55 47 51 48 42 53 54 54 55 55 51 53 45 50 54 54 52 53 53 56 54 52 55 56 48 54 56 48 43 55 56 51 54 56 48 51 54 51 28 55 56 51 56 53 48 56 55 50 56 51 51 50 54 55 55 55 52 56 56 56 54 55 56 50 44 47 47 56 55 53 54 51 55 56 53 56 52 56 55 56 55 56 51 56 55 52 56 56 56 55 55 48 54 54 56 51 49
50 47 44 43 40 34 38 38 39 51 44 44 48 45 49 50 45 34 46 51 38 40 48 49 49 51 49 51 35 48 43 34 46 48 34 42 36 32 46 32 37 45 53 32 46 50 43 24 51 51 38 49 41 44 13 51 43 30 44 50 52 42 33 44 42 48 37 46 34 39 46 38 49 51 47 48 36 45 46 46 46 51 47 47 42 50 39 43 43 42 43 46 47 40 29 35 50 34 37 46 44 35 53 46 42 49 38 51 39 46 11 31 17 42 31 15
54 54 50 54 53 50 54 51 52 53 51 54 52 50 52 53 54 41 53 51 52 52 52 53 53 52 49 53 47 53 51 37 52 53 51 51 52 48 47 51 53 53 53 50 53 55 54 20 54 52 54 49 10 47 46 52 54 12 54 55 45 55 50 39 54 55 52 54 51 52 53 51 52 55 55 41 56 51 49 54 55 55 52 51 52 54 51 51 45 51 51 55 54 50 48 55 38 52 55 52 55 54 54 55 56 51 52 54 54 44 12 48 53 53 52 48
