5
13.3966
6.94828
5.91379
3.32759
3.22414
7.72414
6.24138
1.46552
4.37931
8.48276
6.93103
6.68966
10.7586
3.03448
9.60345
6.24138
6.65517
5.63793
9.01724
10.6034
13.9655
3.51724
2.53448
9.94828
8.46552
0.258621
12.2759
13.2931
9.12069
8.5
11
6.56897
5.7931
5.74138
7.84483
15.1034
9.81034
5.84483
7.12069
5.89655
9.12069
10.5517
9.15517
1.05172
6.7069
8.87931
1.24138
12.0345
9.2069
2.17241
6.84483
5.12069
7.62069
8.18966
8.58621
5.84483
5.25862
11.4828
9.60345
1.5
9.62069
10.1897
7.01724
7.5
7.2931
9.22414
5.43103
11.431
5.2069
2.32759
10.5517
4.7931
6.31034
7.31034
5.5
12.3448
9.34483
11.4655
11.5862
3.56897
9.24138
7.36207
8.75862
5.84483
13.569
11.1724
8.46552
7.5
2.63793
7.01724
9.18966
9.51724
11.1724
8.34483
4.48276
11.5517
12.0345
13.0862
4.86207
16.8966
1.74138
5.72414
3.86207
13.7414
3.08621
4.89655
9.74138
3.68966
5.32759
10.4483
10.931
1.31034
7.2069
9.18966
16.4483
8.48276
2.74138
11.4828
7.7931
5.12069
1.82759
2.82759
7.01724
6.27586
10.7241
7.63793
5.7069
6.5
5.32759
12.2414
4.48276
11.8793
6.34483
4.7931
13.5862
1.01724
8.39655
7.58621
2.24138
6.7069
1.39655
8.10345
5.84483
15.5
3.46552
6.32759
5.87931
4.25862
4.93103
6
6.17241
12.7586
4.25862
7.36207
9.91379
8.62069
4.08621
3.06897
12.3621
6.31034
9.31034
7.25862
8.46552
1.51724
0.655172
2
2.08621
3.39655
14.0172
5.86207
