53 56 48 56 50 57 50 54 49 55 56 50 55 55 46 57 58 47 58 56 55 53 48 55 53 57 55 56 51 52 54 30 51 57 50 57 43 52 55 50 56 47 56 51 58 58 56 46 57 58 51 57 58 56 42 57 58 34 52 55 52 56 52 51 48 55 48 57 48 55 53 56 51 55 58 54 58 55 57 50 47 56 46 54 56 58 53 48 50 34 54 55 56 55 45 36 57 58 57 50 57 49 51 57 56 53 57 58 56 55 46 44 49 57 55 55
46 46 36 47 30 41 32 31 41 43 42 42 43 44 32 48 48 42 44 48 42 42 48 44 48 47 40 40 42 40 39 42 38 49 48 51 37 46 53 32 39 46 47 47 42 47 47 29 49 45 50 51 54 47 33 48 39 40 43 41 30 36 31 36 30 34 34 55 33 45 45 40 34 50 52 51 51 39 49 53 43 50 41 40 43 52 53 45 33 46 25 47 40 55 50 49 55 44 38 35 39 17 34 50 54 37 50 49 52 54 23 51 47 54 46 41
55 48 48 52 50 26 40 50 47 55 54 42 47 38 45 56 55 29 54 37 44 55 55 56 54 50 51 53 57 54 53 50 45 56 45 58 49 55 53 42 52 49 44 30 46 56 55 45 57 56 54 56 52 51 37 56 56 38 56 51 41 47 37 52 45 51 49 53 41 51 46 42 51 52 51 54 55 46 54 55 55 57 53 53 51 54 53 47 44 47 46 55 54 35 56 56 56 52 56 50 49 34 48 56 58 41 45 56 50 56 14 44 39 56 55 42
55 54 55 54 52 51 51 54 55 55 56 53 55 53 55 54 55 49 56 55 56 56 54 56 56 57 56 56 56 57 52 53 51 55 56 54 53 54 55 52 55 53 51 47 55 57 57 34 54 56 57 57 42 24 29 56 56 22 54 55 48 55 57 51 53 54 54 54 25 54 53 42 54 57 54 55 54 46 56 55 57 57 55 55 54 55 54 56 54 53 55 54 57 53 53 53 55 55 54 49 56 54 57 57 57 53 56 57 56 57 7 50 47 57 55 30
56 56 56 55 51 53 56 58 54 55 58 58 52 44 53 57 56 53 57 56 55 58 58 57 56 55 56 58 49 54 55 51 56 54 48 53 52 44 54 54 56 55 58 57 56 53 49 56 57 56 54 56 57 55 56 58 52 56 57 58 50 57 53 56 57 58 53 58 57 57 54 40 51 56 58 47 56 57 57 58 58 58 58 58 57 58 54 58 58 51 57 58 58 33 49 38 56 46 56 57 58 52 58 55 50 49 58 57 57 57 56 50 58 57 58 57
57 54 56 56 53 58 52 55 56 57 54 30 47 50 57 56 57 52 58 55 56 57 56 57 56 56 56 58 57 57 57 55 36 57 56 58 56 56 57 57 57 58 58 46 57 57 56 13 58 56 54 57 58 52 58 58 56 57 53 54 52 56 53 54 52 56 53 57 55 51 55 51 55 56 57 54 56 55 54 57 56 56 55 52 49 52 55 55 53 54 57 57 57 57 54 57 57 57 56 57 56 56 56 57 56 56 55 56 57 58 22 56 58 56 51 42
51 55 55 49 53 47 50 52 45 49 50 43 48 48 52 54 51 44 42 50 53 57 55 57 55 52 55 54 53 51 50 48 50 52 53 52 53 49 52 44 55 55 52 45 50 57 51 42 55 55 41 53 42 32 27 57 53 33 54 53 57 53 48 50 55 55 54 53 38 54 48 36 55 58 57 41 46 22 44 56 55 57 51 51 52 53 54 54 44 52 47 57 55 46 53 54 56 55 52 52 57 32 57 52 53 51 54 58 50 54 15 31 42 54 55 36
56 55 54 54 53 56 54 55 50 51 57 51 34 54 52 54 43 42 54 55 53 53 48 54 50 53 54 55 54 55 54 46 50 53 54 54 51 49 55 53 53 53 56 52 54 55 55 52 54 55 55 53 53 27 54 56 56 24 57 58 54 56 52 54 55 55 48 55 42 56 50 54 51 49 54 51 56 58 53 55 53 56 51 55 41 55 55 53 52 50 49 50 57 50 56 54 57 53 54 51 55 52 57 56 57 57 57 56 54 56 16 10 56 57 53 25
57 58 53 58 56 57 57 57 57 57 58 57 54 55 58 58 57 56 56 58 55 56 56 58 56 58 58 58 57 58 57 56 47 57 57 57 58 57 57 57 57 58 57 56 57 58 58 58 58 58 58 58 58 44 58 58 54 57 58 58 54 58 53 58 58 57 58 57 57 58 57 50 58 57 58 57 55 54 53 57 58 57 57 57 58 57 58 58 58 57 58 58 58 57 57 57 58 57 58 57 58 56 58 58 57 55 58 58 58 57 34 58 58 58 58 55
57 56 46 56 41 56 56 56 56 55 49 52 54 44 55 57 57 57 56 56 51 57 50 53 48 56 55 55 58 52 51 53 56 55 57 57 56 57 56 57 56 57 57 55 56 58 53 24 58 58 58 58 56 51 53 58 57 37 57 50 53 57 54 55 55 53 53 57 57 54 53 40 51 54 58 57 56 49 56 56 54 58 53 55 56 54 56 55 55 57 54 54 55 55 56 55 58 54 56 49 50 50 56 57 56 53 55 57 58 58 29 55 55 58 55 36
56 46 54 39 47 57 41 47 57 47 50 55 50 48 19 41 42 48 56 57 39 46 52 53 49 54 55 53 56 53 52 57 51 54 54 56 32 36 53 55 28 15 51 41 53 58 58 44 56 57 56 58 55 47 44 58 57 45 50 53 51 56 57 48 47 54 51 50 42 55 50 42 44 47 46 47 55 50 54 48 47 53 45 49 47 47 51 48 52 53 53 52 55 49 53 53 50 55 40 41 49 40 48 56 52 46 48 56 53 51 37 28 46 55 48 45
56 41 39 46 42 40 36 51 51 56 47 38 53 44 55 51 58 44 57 55 54 58 43 57 55 44 57 57 47 55 52 54 37 58 56 44 56 55 53 49 52 56 49 48 45 58 58 45 57 58 52 56 41 49 58 58 57 49 43 56 55 57 51 46 51 50 44 57 41 54 51 54 46 52 55 57 58 54 50 57 56 58 58 51 50 58 45 45 44 41 53 57 57 34 48 47 58 43 49 48 58 42 56 58 55 51 55 57 51 45 28 37 56 56 47 56
55 55 31 48 27 47 50 53 52 55 45 54 49 46 51 53 42 48 58 56 54 48 44 54 48 54 57 58 52 50 43 31 50 54 55 51 48 57 55 53 56 56 52 51 57 58 56 56 55 58 52 55 58 49 48 58 44 54 58 53 56 56 48 58 50 50 39 56 46 53 54 50 48 51 56 53 53 49 52 44 48 47 35 47 51 53 56 56 43 41 55 54 55 44 49 47 50 47 49 53 52 52 55 58 54 51 58 58 44 52 55 56 56 50 46 54
56 49 44 46 44 46 47 45 39 49 53 50 52 42 51 49 46 49 52 44 50 46 44 51 48 53 53 53 38 46 44 34 46 49 37 49 49 50 57 33 40 55 54 45 52 54 47 28 52 54 51 55 42 44 34 55 51 29 51 47 38 48 40 41 37 40 32 56 18 47 39 25 55 53 57 55 51 46 54 48 47 56 47 49 56 46 40 43 47 39 32 54 56 46 55 46 56 51 49 53 53 27 45 51 50 49 54 58 52 53 40 51 48 56 55 37
57 52 53 54 51 53 45 51 57 57 48 49 50 56 56 43 53 56 57 55 57 54 54 55 53 56 54 57 57 56 56 55 56 57 55 56 55 56 57 58 56 58 54 54 57 58 57 27 56 57 56 58 58 57 55 58 57 48 55 57 55 56 56 57 54 56 42 58 54 57 56 51 56 56 57 55 57 58 58 57 57 58 57 56 57 58 54 51 53 43 57 58 56 56 57 57 58 57 56 44 56 55 57 58 57 50 49 58 58 58 44 11 55 58 57 49
53 48 48 49 50 45 50 52 50 47 48 42 49 37 44 45 52 41 39 42 44 51 52 54 54 55 51 47 45 55 52 39 32 57 48 44 44 46 50 46 51 49 47 41 54 55 39 52 50 57 40 53 53 56 48 56 51 41 51 54 49 48 44 45 47 52 46 57 44 50 47 52 50 49 53 45 47 50 54 50 47 55 45 35 36 45 52 51 54 50 53 57 58 42 57 45 49 49 52 53 46 41 51 41 44 50 58 50 53 48 34 36 30 56 43 40
54 44 35 32 37 43 36 42 56 55 55 48 53 49 45 54 53 27 57 57 56 56 49 57 52 57 58 57 58 52 46 48 55 50 54 52 50 56 58 56 58 37 57 27 57 57 56 50 58 58 36 53 55 56 47 54 56 53 53 53 52 56 33 55 47 49 51 57 37 54 46 35 52 54 54 52 50 42 52 57 52 54 53 53 39 53 54 55 53 53 52 52 57 50 54 53 53 55 56 48 53 46 54 51 41 52 53 55 44 50 52 46 46 54 46 51
47 49 56 52 52 40 51 54 43 54 48 50 52 55 55 50 52 51 55 57 52 48 55 52 52 53 41 55 58 35 51 34 47 51 50 49 47 48 50 48 53 56 51 49 52 58 54 48 50 57 57 55 40 47 51 53 53 44 39 53 45 54 54 34 43 44 52 58 53 54 45 46 58 55 56 45 58 56 55 57 54 58 38 29 44 56 58 41 39 39 43 49 57 44 54 50 57 56 57 54 50 52 56 58 58 53 57 58 55 55 27 57 50 55 57 38
58 55 46 56 34 51 48 46 53 53 45 51 52 38 51 53 57 49 54 58 48 57 54 56 55 56 55 52 55 56 55 43 54 56 53 57 51 51 56 39 52 40 55 46 54 57 52 52 54 57 48 51 25 41 57 58 55 49 54 55 51 55 45 50 51 53 46 58 41 53 46 48 45 51 52 47 52 52 55 56 52 58 56 57 56 57 57 51 52 53 52 53 56 54 56 43 57 54 54 50 55 50 56 54 57 50 55 54 29 33 46 52 51 56 38 40
44 53 52 51 48 43 35 47 49 39 47 48 41 37 48 52 49 41 51 45 45 53 48 49 57 52 51 41 51 51 32 34 38 52 47 48 52 53 54 49 51 48 45 51 35 56 54 51 52 54 48 51 30 46 38 52 47 36 35 53 54 56 40 52 41 43 43 54 55 56 51 45 52 53 58 52 53 48 54 42 47 48 44 45 53 48 50 43 27 37 28 57 48 52 53 50 45 48 51 55 53 52 56 57 55 20 55 52 53 34 20 27 29 42 53 45
53 49 49 43 43 54 48 48 44 51 53 47 46 38 38 47 48 54 50 49 52 50 55 51 53 53 43 47 44 41 41 38 43 52 53 43 44 41 51 33 53 42 43 44 53 53 52 39 52 52 46 50 48 46 44 52 47 39 57 54 39 51 39 47 43 46 38 58 38 51 38 18 42 53 56 49 52 41 47 51 53 56 56 52 55 48 48 55 45 56 52 49 57 50 45 50 51 39 46 49 51 39 48 53 53 37 51 58 53 53 21 36 50 52 46 14
47 42 44 31 34 24 41 43 23 42 49 45 46 50 28 45 46 52 48 54 48 49 52 48 50 50 47 47 33 45 40 38 29 49 38 48 38 43 49 32 37 47 46 45 46 52 44 30 53 52 53 46 50 37 47 55 47 29 46 48 41 24 30 27 39 38 46 55 42 50 41 45 41 55 55 45 49 34 51 47 52 49 45 41 42 42 38 45 32 44 21 51 38 50 48 50 52 42 44 42 47 41 47 52 37 43 51 53 26 50 46 30 44 54 44 41
56 55 54 54 48 54 53 54 56 54 57 53 56 58 54 55 56 55 57 55 56 57 56 57 57 54 56 57 57 57 55 54 55 57 54 55 55 54 56 56 56 55 55 54 52 58 57 44 58 58 55 55 46 46 56 58 55 28 57 54 58 56 56 52 53 57 56 57 56 56 56 58 55 57 58 57 58 58 57 55 57 58 55 57 55 57 58 57 51 56 54 58 57 44 57 57 57 55 55 57 54 56 53 58 56 56 58 58 54 45 17 40 58 58 57 28
58 54 56 56 56 56 56 56 56 57 41 51 52 46 56 58 55 58 57 58 56 58 55 58 57 58 58 58 57 54 53 41 52 58 56 58 56 57 57 57 56 57 58 51 58 58 57 57 58 58 47 53 58 57 57 57 58 57 58 54 53 56 52 58 54 58 53 57 57 54 45 34 51 55 57 57 58 55 58 58 57 58 57 57 57 58 58 58 55 53 58 56 58 58 57 58 58 54 54 55 58 54 58 57 55 57 58 57 52 57 54 52 56 58 58 52
55 55 45 53 47 49 47 53 51 57 51 45 46 47 46 47 51 31 52 52 50 49 46 47 47 52 48 49 47 42 46 51 49 48 45 44 48 47 55 43 47 53 50 46 51 55 33 36 50 49 45 43 47 46 46 54 43 22 51 47 41 43 22 46 48 57 51 55 50 55 53 49 47 51 50 34 58 54 56 54 52 56 42 47 43 52 49 40 34 51 24 52 52 50 50 50 52 49 54 55 55 51 53 53 55 41 56 58 54 37 20 17 31 57 39 46
41 54 47 40 36 42 33 52 54 46 48 52 53 49 50 52 51 46 52 49 54 43 48 44 52 57 45 54 51 41 39 52 54 51 51 50 51 51 53 51 56 56 55 49 56 55 56 35 56 55 55 56 53 51 15 57 57 48 52 55 51 49 37 52 47 51 51 56 47 48 40 35 50 50 55 48 53 43 51 45 47 52 47 52 49 51 50 47 46 53 54 55 52 53 55 54 53 55 52 46 48 39 57 48 55 52 56 57 56 52 33 34 47 56 56 25
58 58 58 58 57 58 58 58 58 58 58 58 58 58 58 58 58 58 58 58 58 58 58 58 58 58 58 58 58 58 58 58 58 58 53 58 58 58 57 58 58 58 58 58 58 58 58 58 58 58 58 58 58 58 57 58 58 55 58 58 58 58 58 58 58 58 56 58 58 58 58 58 58 58 58 58 58 57 58 58 58 58 58 58 58 58 57 58 58 58 58 58 58 57 58 58 58 58 58 58 58 57 58 58 58 58 58 58 58 58 57 58 57 58 58 55
45 46 47 43 46 42 46 50 41 46 41 37 28 30 42 37 42 39 54 50 49 49 44 48 50 48 45 50 45 45 43 36 44 51 44 49 43 46 53 37 43 47 46 32 46 49 40 27 47 44 51 50 43 48 33 42 47 23 48 27 44 51 40 49 48 34 47 51 48 33 24 16 50 42 51 53 52 39 51 53 56 55 51 43 47 50 41 46 42 45 23 47 45 33 52 42 52 43 44 53 39 25 39 55 45 32 30 54 53 51 24 47 44 54 40 36
41 36 46 43 31 34 30 39 30 49 34 45 36 37 45 50 49 37 51 52 48 50 47 51 48 49 41 50 40 40 32 38 23 45 48 51 43 43 49 38 47 40 48 33 47 56 40 37 49 57 43 51 52 41 27 55 57 45 52 49 40 33 31 50 49 45 38 54 44 51 42 41 39 45 46 38 50 28 43 48 40 52 35 39 44 50 50 33 33 40 32 47 42 41 46 28 43 41 45 29 44 35 54 55 50 42 45 54 46 50 53 34 36 53 50 47
44 52 47 51 47 40 42 49 37 44 51 45 44 37 43 47 46 31 52 45 43 46 47 50 42 48 44 44 45 45 44 42 34 47 50 48 45 46 44 46 54 50 54 50 52 52 50 37 46 54 52 53 51 46 42 50 51 45 55 37 21 34 11 41 48 43 34 53 41 47 50 33 32 44 50 40 41 43 56 57 56 57 57 55 56 56 52 55 52 41 29 45 52 44 40 22 56 41 54 51 48 33 43 56 57 50 58 56 54 51 48 55 50 57 44 41
51 52 53 52 46 49 46 52 51 51 45 46 50 53 47 46 52 31 50 52 46 53 47 55 55 53 54 52 56 47 40 47 33 49 55 45 52 50 55 37 53 50 48 50 53 58 46 39 52 55 54 57 54 48 38 54 48 19 54 55 28 41 17 45 40 49 54 56 55 56 51 47 55 52 53 48 53 56 53 54 49 58 52 57 56 55 54 52 24 54 21 51 54 29 55 48 55 42 56 53 52 51 53 53 50 48 55 56 53 55 31 50 44 54 43 37
53 36 22 42 30 48 51 45 48 42 35 42 36 47 50 51 52 33 46 49 49 52 50 55 41 52 54 53 53 38 45 44 36 40 48 52 46 46 43 36 53 46 45 41 51 54 47 32 54 54 45 48 38 44 37 51 52 35 50 40 27 31 23 40 47 47 47 56 39 54 52 29 44 53 55 55 41 39 49 53 52 58 48 41 55 46 54 40 33 44 31 53 52 28 41 40 49 44 52 43 44 34 44 55 50 53 48 57 46 44 40 43 45 57 41 42
54 54 55 54 51 53 53 50 49 54 52 50 53 51 54 55 54 50 52 53 50 55 54 54 55 51 53 51 52 56 52 49 51 54 50 50 55 54 54 50 56 53 52 49 52 55 57 50 53 53 36 52 14 43 52 53 52 30 56 57 17 56 28 57 56 54 53 57 53 54 54 55 56 53 57 51 56 56 55 56 53 56 54 51 51 55 56 46 34 56 56 54 56 48 55 46 56 56 57 56 56 53 54 57 56 52 55 57 56 51 12 11 53 56 44 41
53 54 51 53 48 51 48 53 48 57 53 48 58 43 48 50 55 40 55 51 55 52 54 54 58 56 51 58 53 55 52 55 50 55 52 58 53 51 54 46 54 43 52 52 54 57 55 43 52 57 42 58 57 53 27 57 54 33 53 51 57 56 56 53 53 51 56 57 53 51 53 52 52 47 52 29 50 45 51 57 56 57 57 55 50 57 54 56 47 53 53 51 56 52 57 55 52 55 56 57 57 55 56 55 56 33 52 52 56 53 27 22 53 54 48 39
54 50 56 51 51 54 52 51 53 54 51 47 37 43 55 50 54 47 56 55 55 57 51 55 48 54 48 51 55 50 54 46 44 56 44 55 53 51 55 51 55 54 55 35 55 56 58 56 56 57 54 56 52 52 57 58 56 50 55 57 57 53 53 52 51 55 51 56 52 52 37 41 52 52 50 55 58 57 58 57 53 57 53 57 55 58 52 51 47 56 54 53 58 56 55 51 57 58 56 56 58 45 58 57 57 43 51 56 53 58 23 16 41 56 53 47
51 49 48 51 51 52 55 54 45 45 55 42 52 38 38 44 51 56 53 43 53 54 56 54 54 56 55 55 52 57 54 42 26 57 50 51 42 44 48 46 48 51 40 31 52 56 45 43 57 53 50 52 53 50 47 54 56 53 52 45 50 45 53 51 54 56 46 52 38 45 37 38 53 51 54 56 48 30 49 49 52 56 45 50 56 35 53 52 56 47 46 52 58 55 47 45 54 48 51 55 48 15 51 54 56 52 56 54 53 52 48 48 54 56 54 54
55 26 48 26 31 50 42 48 32 38 45 40 40 51 37 27 27 50 52 46 52 44 39 44 39 44 42 43 46 44 34 22 38 35 52 51 27 41 56 27 32 50 46 41 40 50 47 50 49 53 48 50 45 46 49 46 53 34 51 43 43 29 44 42 47 47 23 42 40 43 45 46 32 43 40 45 49 52 48 44 45 45 42 39 43 41 48 39 26 17 46 49 48 44 35 44 55 24 28 39 45 45 45 46 42 52 53 48 29 45 43 49 51 49 43 40
53 50 51 52 54 28 52 43 50 51 42 36 40 37 52 55 54 29 55 52 52 49 47 54 56 56 54 55 49 54 54 50 35 55 54 53 52 53 55 49 54 48 54 36 45 55 49 17 48 55 53 51 21 24 40 45 55 41 49 54 55 46 45 41 39 50 44 54 51 45 52 45 44 56 51 24 52 46 50 50 39 53 39 50 53 49 52 51 44 45 42 57 54 53 52 53 55 49 52 45 53 42 51 56 52 56 49 52 53 53 18 24 48 53 44 29
50 55 58 53 58 51 53 51 52 49 31 54 45 53 55 53 49 55 56 54 53 52 41 53 44 50 50 52 49 52 54 52 52 54 44 53 53 53 53 56 51 57 51 52 52 57 56 22 52 52 52 52 55 57 48 57 52 32 53 53 54 55 57 55 57 55 55 56 42 54 55 55 56 57 56 56 57 19 28 54 55 58 54 51 53 56 50 55 56 53 55 57 55 56 55 56 56 52 56 53 54 55 54 57 56 37 22 56 57 58 21 17 48 55 56 28
44 56 47 41 43 46 43 58 38 37 54 58 56 55 30 57 51 44 55 54 45 51 51 52 50 56 50 54 47 49 53 18 40 52 51 51 45 49 54 55 52 56 58 53 58 57 53 50 52 55 41 57 56 37 47 53 58 41 55 55 53 51 37 56 45 47 49 57 54 51 48 48 51 45 57 39 47 56 57 54 51 53 51 55 53 53 54 54 54 49 44 47 57 39 54 35 47 52 55 57 54 50 55 55 51 33 53 55 48 51 27 30 46 54 47 39
58 54 55 56 53 48 41 42 56 57 30 53 44 42 56 48 55 52 57 58 53 55 51 55 43 52 52 50 51 43 47 52 48 51 49 53 55 56 57 47 52 50 56 48 51 55 55 46 57 57 56 56 54 44 48 58 58 50 57 52 54 52 37 44 46 52 55 58 44 48 41 35 52 44 56 55 55 54 54 55 50 57 52 54 53 54 51 53 47 47 53 56 53 46 56 55 56 56 53 42 53 41 54 57 56 57 58 58 52 55 35 55 46 58 57 50
52 56 35 49 36 43 54 49 47 47 48 43 48 33 45 40 53 50 55 58 40 41 45 40 38 57 57 53 47 53 50 41 51 58 54 47 45 46 49 46 49 45 51 50 58 51 50 48 52 54 38 43 44 41 54 58 49 51 52 42 41 49 42 46 44 49 44 55 53 53 53 45 41 35 51 45 55 54 40 46 38 52 33 40 32 52 46 57 50 42 55 57 58 47 44 45 51 52 50 54 53 44 54 55 58 52 47 51 57 46 45 44 53 49 48 39
50 43 44 52 50 24 33 48 53 49 54 34 39 45 51 52 53 48 55 47 53 52 43 54 45 53 35 40 51 53 45 47 40 48 53 52 53 52 54 53 55 55 52 29 46 55 56 24 51 54 50 54 20 21 51 56 47 7 55 47 39 42 43 47 50 52 52 50 54 50 45 49 46 47 46 40 56 48 46 47 48 47 47 49 49 49 52 47 40 43 50 48 54 41 52 54 51 56 50 45 52 36 52 55 55 46 46 48 52 51 10 21 36 53 32 15
49 46 48 45 40 48 35 42 56 50 44 45 44 47 49 40 51 41 52 41 45 54 54 54 51 55 51 55 52 50 42 39 48 54 53 53 49 53 56 55 55 29 54 30 53 55 54 41 55 53 42 53 38 46 17 58 46 44 54 51 50 51 51 48 53 51 48 53 47 51 49 47 53 47 53 48 43 38 53 51 54 52 50 56 44 52 53 53 53 54 50 53 54 26 52 41 36 54 55 52 56 42 54 55 56 16 39 51 52 51 20 41 16 41 41 44
58 58 57 58 56 57 57 57 58 58 58 58 57 58 58 58 58 57 58 58 57 58 58 58 58 58 58 58 58 58 58 58 57 58 58 56 58 56 58 57 58 58 58 57 58 58 57 4 58 58 57 58 57 54 57 58 58 58 57 57 57 57 56 57 57 57 56 57 57 57 57 57 57 57 57 58 57 57 57 57 57 57 57 57 57 57 57 57 57 57 57 57 57 57 57 57 57 54 57 57 57 57 57 57 57 57 58 57 57 57 56 45 57 57 56 54
53 53 53 52 52 49 50 55 41 53 34 52 54 47 49 53 57 54 50 54 47 54 55 54 55 57 55 56 49 55 47 52 53 55 51 50 45 32 50 51 54 57 56 54 56 56 51 47 56 54 47 51 34 46 55 53 54 48 55 57 57 56 55 57 58 58 50 56 31 55 53 46 54 55 58 49 43 58 39 54 52 57 52 49 51 55 57 54 55 51 55 56 57 29 51 53 49 43 55 57 56 51 52 56 51 52 56 56 42 47 40 13 50 56 56 41
44 53 45 49 37 39 40 50 47 47 48 50 50 36 47 50 49 44 52 54 52 47 54 50 37 52 41 54 53 48 23 37 49 51 52 53 48 53 54 45 48 55 51 46 53 56 49 53 54 56 45 57 39 41 42 58 47 37 53 50 41 49 33 49 52 48 51 56 40 51 47 46 53 47 53 53 57 53 56 49 55 55 40 40 44 54 57 31 29 49 31 50 57 49 50 52 54 55 54 55 50 50 55 54 52 44 55 57 53 51 37 16 26 54 46 23
58 58 58 58 58 56 57 56 58 58 58 57 58 58 57 58 58 49 58 58 58 58 57 58 56 58 58 58 58 57 58 56 58 58 58 58 58 53 58 49 58 58 57 57 58 58 57 58 58 58 56 58 58 55 53 58 58 37 56 57 52 57 58 57 57 57 55 58 57 58 57 55 55 56 57 56 58 58 57 57 58 58 57 58 58 58 57 57 56 56 57 57 58 55 55 53 58 54 57 57 57 57 58 56 57 58 58 58 57 58 55 56 58 56 58 58
44 51 52 46 51 42 45 50 35 45 41 52 53 54 41 48 44 43 39 48 52 52 51 52 54 51 52 50 46 54 48 39 48 53 42 48 51 49 54 37 46 48 49 50 53 49 44 41 52 53 30 30 24 21 46 55 27 18 43 51 51 49 50 46 46 51 43 44 38 56 49 49 50 47 46 41 48 32 53 52 50 52 51 51 49 49 45 49 47 44 42 50 52 41 51 54 36 50 53 50 52 57 54 49 35 53 46 53 30 20 14 25 37 56 29 32
56 50 40 52 48 55 51 54 51 55 51 49 40 41 48 52 52 39 53 49 37 54 51 57 52 53 54 50 55 51 48 54 52 49 52 54 50 54 54 49 52 49 53 40 49 56 46 51 55 57 33 52 30 43 32 55 53 38 53 55 34 49 42 55 54 54 50 56 31 55 49 47 53 47 53 52 53 43 49 54 53 56 52 53 54 54 52 51 49 52 52 57 54 54 54 44 55 53 55 51 52 44 53 56 50 46 55 58 41 43 8 33 45 57 58 18
58 56 55 56 52 57 55 57 55 55 58 50 51 44 57 54 56 58 58 56 54 56 57 58 58 57 58 58 52 55 56 53 58 57 56 58 57 58 58 56 52 53 58 47 57 57 54 55 58 58 55 57 55 58 55 58 58 55 58 52 49 55 56 56 57 57 54 58 53 58 51 41 56 57 57 58 58 57 57 56 57 58 58 52 54 58 58 57 56 55 56 58 57 58 56 57 58 53 57 57 58 48 58 57 56 56 58 58 55 58 55 54 44 58 58 56
57 44 45 54 47 43 42 23 53 49 47 42 40 39 50 42 50 43 52 52 51 55 52 51 46 54 57 57 54 58 56 42 49 54 54 49 48 43 52 43 49 50 56 47 55 57 58 55 56 53 53 52 35 57 57 56 58 52 54 46 33 52 50 45 53 36 47 53 45 52 48 36 48 51 56 52 49 48 50 57 57 58 50 51 56 55 51 57 52 48 47 58 57 48 51 47 45 37 47 51 51 48 54 58 56 46 54 58 54 52 36 35 43 57 52 57
57 56 56 55 57 54 56 54 53 56 57 55 51 56 45 52 56 43 56 56 55 56 56 57 56 56 55 57 55 57 55 49 54 56 56 54 46 51 57 55 55 2 53 6 53 58 57 42 57 57 56 56 48 56 49 57 56 34 52 55 51 54 47 52 51 53 37 56 56 55 53 55 49 53 54 55 57 41 55 54 53 56 52 52 53 56 54 54 52 52 55 56 56 53 52 53 56 53 55 54 55 54 56 56 54 57 55 56 56 52 14 38 57 56 50 38
48 56 50 55 46 45 52 54 43 51 48 55 46 39 52 57 47 43 47 56 49 54 51 51 51 54 56 57 44 45 47 48 53 55 48 39 48 50 53 36 46 56 57 56 51 55 51 52 55 57 48 57 52 50 53 57 42 31 54 55 36 54 39 50 51 48 51 55 47 55 40 38 54 54 56 48 55 56 57 52 56 56 52 47 43 57 48 55 46 51 45 55 53 27 53 52 55 51 51 56 51 36 50 44 50 55 56 56 56 54 36 45 55 58 53 36
55 38 46 43 40 44 46 46 53 52 54 42 50 48 50 42 47 52 51 52 50 47 48 45 45 49 51 57 54 45 44 48 42 47 46 49 49 50 53 49 54 52 44 54 47 57 51 41 50 54 55 52 52 56 34 54 52 23 47 56 33 51 38 52 51 56 30 56 52 55 47 49 43 55 56 57 53 57 56 55 56 56 46 41 44 53 31 40 39 28 53 56 53 37 47 51 56 35 53 53 55 51 58 57 57 33 47 56 57 54 37 22 43 54 55 32
38 55 45 53 52 41 41 51 40 50 51 55 56 43 51 54 44 49 51 43 52 56 53 55 55 54 46 56 41 41 42 37 55 58 24 55 54 47 56 46 48 53 55 44 42 56 54 47 48 55 54 54 39 26 24 54 51 47 54 50 49 51 37 51 50 52 41 51 49 53 54 52 46 52 49 39 54 53 53 49 52 53 48 50 46 51 54 53 43 30 46 55 55 51 51 55 52 44 49 51 53 45 53 53 47 33 53 55 36 49 25 36 50 46 48 37
56 57 51 56 53 56 55 56 37 56 56 53 56 53 45 54 49 54 56 57 47 57 54 57 57 56 57 57 49 57 55 33 51 55 31 49 37 56 57 41 52 57 52 56 55 57 55 48 56 57 56 54 54 44 48 55 52 48 57 54 53 51 53 41 52 52 20 57 51 51 49 52 53 49 58 50 56 51 58 56 50 55 58 58 57 57 54 58 54 51 51 51 53 45 57 58 57 42 49 57 54 47 57 55 53 47 55 57 56 51 49 49 53 55 55 46
53 58 57 58 56 57 57 58 53 52 56 46 54 51 58 58 43 28 58 54 55 56 57 57 57 56 55 57 42 58 56 45 37 51 41 56 53 54 56 54 56 58 55 22 55 58 55 57 57 58 52 48 41 31 57 58 54 46 54 50 50 55 47 49 52 54 52 52 57 46 53 55 52 55 53 45 57 58 50 54 54 57 57 56 55 54 53 55 45 46 33 57 58 46 55 56 54 49 55 55 57 53 57 56 52 54 54 55 46 48 51 45 54 56 47 51
54 51 41 51 37 52 46 42 46 32 47 42 40 44 49 48 44 45 52 50 52 50 48 54 51 53 53 52 48 48 45 45 41 48 45 52 52 47 50 47 48 50 48 45 50 53 49 25 49 53 31 32 43 21 33 53 44 42 44 43 25 51 27 36 34 42 46 46 47 46 49 42 53 49 50 45 53 53 54 52 49 53 54 57 55 55 51 50 32 43 40 52 52 45 51 57 54 50 54 51 48 52 55 48 49 41 40 52 38 29 30 14 53 50 44 28
47 54 54 51 51 43 42 45 45 48 38 51 37 46 50 49 55 54 52 55 49 46 47 48 44 50 53 54 51 41 31 24 48 49 52 51 45 46 53 49 57 50 53 46 50 56 53 16 50 51 47 52 38 52 41 49 49 44 51 49 54 25 29 46 42 53 38 56 27 50 49 48 44 41 50 52 54 55 42 55 47 55 49 54 55 55 56 26 37 29 46 42 57 33 49 52 53 47 49 49 51 51 56 56 56 51 54 55 49 53 21 51 52 51 47 48
57 57 56 56 57 57 58 57 57 56 53 56 55 52 58 57 57 48 58 57 58 54 55 57 57 57 58 58 51 58 57 57 56 58 57 58 57 56 57 56 57 58 58 58 58 58 57 56 57 57 58 58 57 52 57 58 57 52 58 58 53 57 48 57 57 58 57 58 55 58 58 57 58 58 58 57 58 58 58 57 58 58 58 58 58 58 54 58 57 56 56 58 57 44 58 58 58 58 58 58 58 57 58 58 58 55 58 58 58 58 45 40 58 58 57 53
52 51 29 50 27 42 38 25 39 55 49 53 53 55 36 55 42 43 53 55 53 55 55 55 52 53 54 52 54 56 51 31 42 53 37 54 43 37 53 35 44 46 53 54 53 56 53 50 57 55 55 49 14 41 53 56 51 14 52 48 45 52 39 45 53 49 50 55 31 44 39 29 56 50 55 50 52 37 51 46 51 46 43 41 41 47 54 49 51 49 43 56 45 29 56 53 56 55 56 55 54 53 47 56 51 40 55 55 56 44 9 34 32 57 50 34
55 48 45 47 40 37 37 53 54 58 50 45 50 49 48 47 50 27 52 47 49 45 40 45 49 56 52 46 56 43 39 47 46 47 42 47 51 48 50 51 54 50 54 43 54 52 51 52 49 50 35 48 32 42 42 41 48 42 50 44 37 36 37 36 43 49 51 57 48 48 41 49 52 44 55 28 51 52 56 48 36 48 46 53 45 52 54 47 38 47 25 50 54 48 53 45 46 49 55 52 52 58 48 56 56 49 57 56 50 49 27 30 49 48 43 44
56 55 49 51 51 56 56 57 51 55 54 50 54 56 53 51 51 30 52 53 52 54 56 55 58 55 51 55 51 46 44 51 52 56 50 54 53 54 54 50 51 51 53 47 54 57 57 22 55 55 45 56 49 24 38 54 58 35 55 54 54 53 52 53 51 55 53 56 49 52 51 54 53 53 54 53 56 53 54 55 54 57 53 54 38 51 55 41 41 52 55 58 55 52 52 52 56 53 53 54 51 40 56 56 57 54 31 57 56 55 32 28 37 57 56 21
56 54 56 54 53 54 51 54 40 55 48 33 35 44 50 46 56 46 56 53 53 38 54 52 49 56 54 56 51 47 47 43 46 53 57 56 54 53 58 49 55 52 50 41 49 56 54 47 55 57 52 55 54 38 24 54 52 41 51 52 56 50 50 51 48 54 40 57 47 52 41 55 52 53 53 47 56 57 56 39 52 49 53 51 53 55 57 45 50 47 52 54 57 56 56 55 57 33 49 54 57 51 53 57 53 39 45 58 49 53 13 49 39 56 45 37
49 45 54 54 52 45 39 37 36 42 55 30 42 46 48 43 51 43 55 53 58 54 55 54 55 53 53 54 53 51 52 51 36 52 51 48 49 37 50 40 46 55 50 39 48 57 54 55 56 55 54 57 57 33 46 57 53 48 54 50 47 48 41 53 56 56 48 56 49 45 39 41 53 40 54 44 55 54 56 47 47 51 46 47 50 49 54 45 49 49 43 46 56 49 55 50 56 54 50 54 54 48 53 58 54 47 57 57 54 31 20 38 36 56 50 46
53 52 53 51 48 51 47 46 48 50 41 44 37 43 48 44 53 38 56 48 53 48 46 51 54 54 54 54 53 51 46 46 51 53 49 56 50 57 56 49 55 49 47 35 52 57 53 37 48 52 53 50 32 23 49 53 53 32 56 38 50 47 42 43 42 43 44 53 44 46 46 39 47 50 53 55 55 52 57 52 48 56 44 54 41 55 57 53 45 46 49 55 57 56 56 54 58 42 48 55 54 50 55 56 58 26 55 55 54 44 16 47 40 51 52 16
52 58 57 47 48 51 58 53 55 52 55 57 45 47 52 55 52 44 52 54 56 56 46 53 57 57 56 55 47 56 54 51 53 58 45 56 53 41 52 54 57 56 56 54 56 58 57 36 51 58 52 56 57 55 43 55 52 53 54 56 53 46 35 53 53 57 54 57 56 58 54 53 53 55 55 39 58 55 52 58 42 58 52 55 55 52 54 55 53 55 42 55 57 51 49 57 58 54 57 56 55 55 57 57 57 58 54 57 56 54 28 37 53 55 52 46
56 53 50 55 45 42 46 40 44 48 50 32 34 33 46 45 52 44 53 57 55 44 37 44 40 47 50 56 51 54 51 41 55 57 51 41 40 37 52 50 46 46 51 42 45 56 50 35 56 55 53 46 43 39 33 50 46 21 51 42 36 45 40 42 32 45 40 53 52 39 33 41 43 44 56 47 56 52 50 48 42 51 46 47 38 54 53 51 51 41 39 51 55 37 44 45 56 44 47 50 55 51 54 56 55 54 49 54 51 43 31 39 49 43 37 41
58 55 55 58 52 54 45 53 55 57 51 52 49 50 48 51 52 52 54 53 52 56 47 56 47 49 52 55 56 56 56 30 53 54 58 52 51 47 56 48 51 53 55 54 56 56 54 56 54 57 45 55 49 50 54 57 51 53 58 57 46 58 44 49 48 57 32 57 51 58 56 56 46 58 58 55 57 47 58 57 57 57 47 53 57 55 58 58 54 24 56 57 58 52 48 47 58 41 55 41 57 58 56 57 54 43 57 56 55 52 44 49 54 57 55 45
56 56 57 56 57 56 56 56 56 56 52 53 53 54 56 55 56 55 57 57 57 56 57 56 57 58 57 56 56 56 55 55 57 56 57 55 56 56 56 56 56 57 56 57 57 57 57 41 57 57 55 57 55 58 56 57 57 35 56 58 58 57 52 56 51 55 53 58 58 58 58 57 57 57 56 58 58 58 57 57 58 58 56 57 57 58 57 55 55 56 56 58 57 56 56 58 58 55 57 58 57 52 57 58 58 58 58 58 58 58 30 7 57 58 58 56
47 51 34 53 51 53 51 54 47 46 54 53 34 49 53 54 49 44 52 55 51 48 44 49 47 48 50 53 48 51 49 43 47 52 49 54 54 47 54 36 51 46 52 48 50 53 45 32 56 52 38 52 43 37 20 57 55 19 48 53 40 53 33 49 52 55 42 52 52 55 53 51 51 55 52 40 55 49 45 51 52 53 52 52 50 52 45 53 50 42 51 53 51 29 55 39 33 48 49 50 55 47 55 54 52 33 52 55 54 55 20 26 27 55 52 27
57 56 28 56 19 57 54 55 57 57 55 54 52 39 57 55 57 55 56 56 39 56 56 57 57 57 56 56 57 57 55 56 56 57 57 57 56 56 56 52 56 57 57 56 56 55 56 46 56 57 55 56 51 21 57 57 56 33 55 55 51 56 49 55 54 55 48 56 54 55 53 52 54 55 56 55 56 52 55 54 53 52 53 55 52 54 56 55 55 55 53 56 54 56 54 53 54 53 53 55 53 53 57 57 58 54 54 55 53 53 9 41 53 53 52 55
55 46 45 48 38 48 54 51 50 55 51 46 53 47 52 54 58 42 57 55 57 57 54 55 54 55 55 55 56 53 48 49 55 57 57 55 56 55 53 53 55 55 50 55 36 55 53 43 54 55 46 52 43 58 46 58 56 24 55 53 51 54 51 53 56 55 47 57 56 54 47 53 54 54 57 50 57 54 56 56 52 56 50 55 57 55 52 46 42 45 55 52 57 54 55 57 55 56 53 56 54 56 51 57 52 36 52 53 53 46 17 54 30 51 55 31
53 50 52 49 52 47 44 51 48 47 45 55 57 48 43 53 51 44 56 56 51 56 53 53 55 55 53 56 57 54 47 43 52 56 55 55 49 54 55 46 51 55 55 50 56 56 53 23 56 58 47 55 56 55 16 58 50 17 55 55 43 51 41 52 53 55 46 53 41 55 53 43 51 53 52 43 57 47 56 55 47 56 55 56 51 54 55 57 50 51 50 54 55 47 55 50 55 48 55 56 55 44 54 55 52 24 53 58 57 55 28 31 31 53 56 50
57 50 51 51 47 50 55 55 47 49 49 48 51 50 51 56 55 57 57 57 56 56 56 55 53 55 56 58 58 52 56 50 56 56 56 53 54 56 57 47 52 57 52 48 52 57 56 48 57 56 54 56 49 50 52 56 56 12 57 57 57 57 54 56 54 52 39 57 52 55 55 52 42 56 56 57 58 49 54 57 55 58 56 56 57 55 56 51 49 49 56 57 57 57 56 55 57 42 41 44 57 45 54 51 49 52 57 57 53 55 39 18 54 56 57 58
54 44 49 43 30 53 35 45 29 54 51 40 46 51 29 42 47 41 51 54 52 39 47 44 50 44 46 50 56 49 34 20 44 52 54 49 40 41 53 49 36 55 48 48 47 52 48 42 52 49 41 55 48 56 25 54 48 38 51 45 54 49 41 28 32 43 29 44 49 44 47 47 41 46 54 56 48 44 53 44 46 50 48 46 43 47 55 49 28 27 42 52 54 49 48 43 53 52 43 43 52 45 46 54 53 34 53 54 32 50 44 49 37 52 56 25
49 51 48 46 46 50 53 53 40 55 37 52 55 46 53 53 54 46 57 50 53 51 44 49 52 55 52 56 44 53 51 43 52 56 46 48 53 54 52 46 46 52 56 38 55 55 48 30 53 57 50 52 50 29 39 58 49 40 53 55 51 47 44 53 53 55 48 53 41 54 53 38 53 49 54 49 58 57 58 53 45 58 49 52 50 54 39 56 52 50 47 57 49 45 56 46 50 47 49 55 53 48 55 51 53 29 50 52 52 48 41 38 47 57 42 10
46 46 44 40 30 51 41 52 38 50 52 38 41 36 43 55 50 46 51 48 55 56 55 56 53 51 46 49 45 43 43 39 38 49 50 51 47 47 50 42 49 52 46 37 44 54 54 28 56 57 21 47 46 47 43 54 50 36 48 40 49 47 47 43 38 45 29 43 36 40 38 36 42 53 51 49 50 35 52 56 53 56 48 45 51 55 49 51 48 46 51 53 53 33 46 45 55 38 40 46 49 36 49 55 43 46 49 56 54 51 25 40 54 55 51 42
55 52 51 52 53 41 39 38 49 51 41 46 44 47 37 51 53 40 47 51 38 48 44 51 52 45 48 53 49 54 56 50 41 48 48 37 46 42 52 35 53 49 48 31 46 54 52 42 55 52 41 44 41 55 30 56 32 13 49 49 49 33 52 45 32 43 41 56 32 50 45 47 38 49 51 46 49 40 38 49 49 55 49 53 54 55 53 51 53 42 49 48 52 43 28 32 42 46 47 47 54 49 52 55 52 37 50 56 55 51 26 46 42 53 29 31
55 56 57 56 56 55 55 53 52 55 53 53 49 52 54 54 55 56 55 55 54 56 55 55 57 56 55 57 56 56 53 53 52 56 54 55 54 54 55 55 55 56 52 49 56 57 58 36 58 57 55 58 44 46 55 58 53 55 58 57 55 57 56 57 52 56 55 58 54 57 53 54 54 55 57 56 57 56 57 57 58 58 57 58 56 58 56 58 57 54 58 58 57 58 56 54 58 55 55 57 54 53 58 58 58 58 47 58 57 52 16 30 52 57 58 12
55 54 37 45 27 41 51 40 52 51 52 51 49 49 32 54 55 37 50 56 51 56 54 46 53 55 49 49 54 51 45 39 42 51 46 42 42 49 50 38 48 33 53 32 53 54 49 53 58 48 47 54 51 48 38 56 47 41 54 49 39 48 34 45 52 51 52 56 34 50 45 39 43 49 54 49 52 50 54 55 50 56 54 55 50 55 49 47 43 45 42 50 52 42 54 49 55 44 54 45 51 40 52 53 52 18 50 55 48 55 40 24 33 52 53 42
58 52 47 51 53 50 52 39 51 54 50 42 36 35 52 47 56 25 51 56 54 49 48 49 48 57 53 54 57 53 56 51 42 54 50 55 50 52 51 57 56 54 50 51 53 57 54 56 53 54 54 58 51 34 45 57 51 30 55 42 40 48 51 49 51 48 44 57 42 47 44 32 48 53 57 54 48 56 51 47 47 46 40 36 44 45 57 51 52 52 56 53 57 48 48 49 56 48 53 55 56 55 56 54 57 57 57 54 53 53 46 52 44 58 53 53
57 47 55 52 58 46 39 46 53 39 34 43 52 34 44 55 57 45 54 48 30 52 56 54 42 49 31 49 56 43 41 30 48 56 55 47 50 49 55 51 54 35 45 56 45 56 58 47 56 56 51 53 52 55 27 58 57 46 55 49 53 52 44 55 53 53 45 55 48 52 43 38 42 47 48 44 54 51 50 54 43 50 41 40 40 45 55 46 52 38 43 47 55 44 51 45 51 56 50 52 47 40 51 54 48 52 56 56 49 44 32 47 53 49 50 52
55 58 45 52 43 42 47 50 45 56 56 45 48 43 54 56 57 56 57 57 58 47 55 50 52 56 54 55 55 55 52 53 35 58 51 53 58 55 57 47 55 45 45 33 50 56 57 46 58 57 54 57 57 44 47 58 57 44 50 58 53 56 49 54 49 55 52 56 52 55 47 53 49 57 57 54 53 57 55 41 53 49 41 49 45 50 51 49 48 52 51 55 55 56 52 56 57 54 46 57 49 46 55 56 56 47 52 58 56 54 51 40 46 57 56 31
50 43 34 39 35 47 46 43 34 51 40 39 39 32 43 46 38 22 57 43 52 46 35 51 41 53 52 47 39 36 35 17 38 31 49 41 42 47 50 38 44 49 48 31 51 55 50 54 52 52 47 55 47 53 44 53 49 44 52 54 41 42 39 51 45 46 32 51 44 42 37 35 40 53 51 36 51 43 43 39 37 50 36 40 47 48 39 32 36 28 46 39 46 45 41 49 54 31 42 42 54 50 50 52 44 45 50 52 45 45 39 46 49 50 37 36
48 52 54 49 55 44 47 50 38 46 52 46 43 43 37 48 40 42 47 43 46 54 54 49 56 52 54 57 25 50 43 30 40 57 24 56 38 41 49 36 41 47 48 38 51 54 51 42 50 55 54 55 36 54 47 51 53 46 46 46 47 44 44 45 45 49 35 56 41 48 42 47 43 55 54 48 48 46 55 53 47 56 53 56 48 37 22 45 37 37 45 47 39 49 54 53 49 42 51 52 48 41 56 55 52 46 38 54 56 50 35 42 33 56 46 44
54 53 54 55 49 44 50 49 44 45 49 44 50 36 50 52 53 33 53 55 54 53 54 57 53 53 48 54 50 50 42 29 47 49 51 55 47 47 45 46 52 55 53 21 53 57 57 50 54 55 55 55 48 58 55 54 53 26 53 53 49 53 43 52 51 51 38 52 41 48 49 42 45 49 46 48 55 53 53 56 54 56 54 54 52 55 52 52 52 35 39 50 56 56 53 52 54 50 54 52 55 53 50 55 51 18 55 54 54 54 29 54 55 50 51 17
53 51 47 54 45 51 53 51 30 44 49 49 51 48 43 54 46 43 57 53 58 54 51 56 55 51 56 55 51 43 52 31 47 54 43 56 50 55 54 51 41 57 39 52 51 57 53 53 57 58 55 58 46 57 38 57 56 39 54 57 51 58 50 55 52 50 26 56 50 53 50 48 42 53 58 48 57 52 52 55 50 56 52 54 56 56 40 34 45 37 50 50 56 51 55 54 56 27 40 55 52 44 58 55 51 51 55 58 56 53 37 47 45 57 56 43
54 57 43 58 16 55 49 51 52 57 52 53 57 51 53 57 57 52 58 57 58 57 56 56 56 57 56 57 56 58 54 51 53 56 57 56 53 55 55 57 55 54 56 50 55 58 57 50 58 56 58 56 55 55 58 58 57 53 54 57 50 56 58 54 56 56 41 57 47 58 53 50 52 57 57 51 56 56 57 58 58 57 58 57 58 55 57 57 52 50 53 58 58 50 55 56 57 56 54 55 57 55 57 57 58 49 56 57 57 44 34 54 56 57 57 45
52 57 57 48 54 49 42 56 45 54 57 56 54 55 44 53 56 53 56 55 53 42 44 46 45 53 49 56 37 48 53 38 53 56 43 50 43 50 48 26 53 57 49 57 56 57 56 55 56 56 54 57 46 47 48 57 52 38 52 55 54 44 50 54 54 53 50 55 58 55 51 58 47 48 51 50 56 58 55 50 53 52 47 44 38 55 44 53 55 50 56 57 54 44 48 49 46 51 52 57 56 54 54 56 53 43 52 57 52 57 12 26 55 53 48 46
55 53 51 56 49 47 44 51 41 50 52 49 51 48 49 52 51 42 55 54 52 48 38 49 51 54 53 55 41 53 32 17 45 48 54 51 45 51 53 50 46 53 52 50 51 53 55 50 55 56 52 52 38 45 43 53 52 35 54 49 53 52 45 47 48 55 25 56 51 52 55 55 44 55 54 56 56 50 50 54 56 55 47 54 51 55 46 43 33 18 48 52 58 50 51 52 57 51 47 54 54 55 55 56 53 37 49 57 54 43 28 10 52 54 51 29
52 53 49 42 40 49 44 48 50 48 55 46 43 46 49 52 52 24 50 54 49 51 52 55 56 54 51 56 54 45 42 50 39 48 54 55 51 53 52 52 55 54 53 44 56 56 52 17 53 57 52 56 56 54 29 50 55 36 56 52 38 43 38 51 48 52 48 56 46 52 40 42 52 52 55 30 54 41 47 46 43 54 52 52 51 54 54 45 39 45 45 49 55 52 55 56 57 54 53 53 51 50 55 55 55 52 31 56 51 56 22 45 55 55 55 49
56 54 49 46 45 48 37 45 48 51 45 30 32 29 51 45 55 31 52 41 50 55 52 53 54 42 52 50 56 48 43 44 43 53 46 54 49 45 55 41 54 53 46 20 45 51 53 40 43 53 48 51 56 28 53 38 54 29 50 42 43 43 42 46 46 44 49 48 39 43 37 33 45 48 47 45 52 50 56 49 48 51 48 50 51 52 56 50 46 55 41 44 54 39 49 36 52 30 51 52 52 34 48 51 55 49 55 55 47 40 26 25 54 55 48 44
49 52 55 45 44 41 31 33 43 50 55 36 46 50 45 53 55 52 56 42 52 55 57 55 49 57 42 58 53 57 50 38 36 55 43 57 52 56 58 46 55 51 48 30 39 57 55 44 56 56 54 56 54 47 39 56 54 47 44 55 45 46 45 52 55 51 39 56 46 48 42 50 47 55 56 39 52 48 47 52 52 55 46 42 36 51 51 42 47 44 38 50 56 52 52 56 54 46 50 50 54 49 47 58 57 54 50 57 56 49 53 37 56 55 44 41
56 56 56 56 51 56 56 54 55 55 54 42 49 56 56 51 53 48 56 56 54 56 57 56 56 56 56 56 55 56 56 54 55 57 56 56 55 55 56 55 56 56 55 57 55 56 53 52 56 56 56 57 39 27 57 57 57 22 57 54 55 56 54 55 55 55 51 56 54 54 54 52 53 55 56 57 58 53 53 57 58 58 56 55 53 55 54 56 56 51 54 58 58 47 52 55 56 55 53 54 55 53 54 57 57 55 58 57 57 58 9 54 57 56 58 16
44 47 52 51 51 41 41 47 44 44 45 46 32 40 44 49 43 42 54 52 50 57 48 56 39 53 46 52 32 50 37 41 38 55 46 54 43 47 54 41 44 49 51 49 53 55 48 36 47 52 46 56 27 33 41 42 38 25 49 50 42 38 42 46 44 44 45 54 39 50 32 49 52 51 56 34 53 45 52 51 53 54 49 48 47 56 41 51 33 46 37 41 52 42 51 56 50 47 52 52 51 44 53 55 54 29 46 48 49 34 18 35 35 38 55 20
52 49 40 42 31 34 36 43 41 49 50 37 47 48 37 45 48 46 48 54 45 49 47 42 35 49 41 50 53 38 47 42 42 52 46 35 33 40 49 30 41 41 48 36 54 52 54 53 54 55 52 55 49 45 49 56 40 31 51 53 41 53 39 48 48 53 40 46 37 45 43 36 42 52 54 48 49 42 48 48 46 48 48 29 24 36 52 44 44 53 45 44 56 25 45 51 55 52 34 38 48 50 49 54 50 45 50 52 50 49 26 19 47 49 44 40
52 51 46 48 49 35 44 41 32 47 44 46 41 44 43 45 40 34 52 53 42 42 36 44 46 49 53 50 34 52 43 27 48 49 31 52 44 47 53 37 38 47 46 44 48 53 50 49 52 51 48 56 23 38 39 44 42 33 38 52 40 47 44 36 37 50 44 50 40 49 44 43 46 48 53 42 55 52 51 52 46 52 46 51 43 53 30 39 39 33 37 50 42 40 53 52 53 47 45 52 51 46 56 50 51 31 30 53 50 35 13 14 40 47 44 40
50 55 53 57 56 54 54 53 52 50 51 53 55 52 51 54 51 50 56 56 51 49 52 50 55 55 54 53 54 46 51 52 55 53 49 38 47 48 54 53 55 49 55 46 53 56 55 57 58 57 53 55 55 56 55 56 55 44 57 57 54 57 54 56 57 56 53 58 33 57 53 53 55 57 57 58 58 58 56 53 53 57 46 54 54 57 57 44 37 51 54 57 57 24 41 36 57 58 57 57 54 55 56 58 58 56 58 56 57 58 33 29 56 57 56 40
43 45 40 50 42 39 41 44 31 48 44 40 38 36 41 45 45 38 40 36 44 32 46 40 48 40 34 35 40 38 42 33 41 47 42 39 38 39 40 28 35 51 43 42 45 49 50 43 34 55 41 49 36 31 40 46 37 32 40 48 34 44 28 36 46 58 33 46 35 46 36 36 36 39 47 38 47 29 53 37 34 43 35 43 39 51 48 36 35 34 38 42 41 34 42 41 48 26 43 48 48 42 40 54 51 45 36 56 45 43 25 31 41 50 44 27
58 58 56 58 58 58 57 57 56 58 54 58 58 55 53 58 57 56 57 57 58 57 55 57 58 58 56 58 57 57 58 56 57 58 55 58 57 56 57 56 56 57 57 56 58 58 58 49 58 56 58 58 54 51 44 56 58 37 54 58 58 57 52 48 53 55 51 57 57 58 58 57 53 58 57 56 58 58 58 57 57 58 58 58 57 56 56 58 57 56 57 58 58 58 58 58 57 51 52 56 56 57 58 58 58 58 58 58 58 58 44 57 49 58 58 50
55 54 57 54 56 53 53 56 50 52 55 51 52 53 44 56 55 47 57 51 56 53 56 52 56 55 53 55 51 56 54 40 54 54 50 37 42 20 48 53 52 51 54 54 54 56 55 52 56 56 49 55 41 51 50 52 58 48 49 55 55 55 57 46 43 57 34 54 54 56 53 53 36 58 55 48 58 58 56 52 54 52 53 56 55 55 48 57 48 48 53 55 46 46 20 54 54 56 53 52 54 55 55 54 55 54 57 57 53 57 28 52 56 58 54 44
56 56 55 56 50 55 55 54 55 57 54 54 55 52 54 57 57 53 56 55 55 56 57 55 54 55 54 55 57 56 54 54 52 56 55 52 57 57 57 51 57 54 56 46 56 57 57 56 55 56 44 58 54 16 55 57 56 42 57 57 56 56 50 53 57 51 55 57 55 57 53 57 52 57 57 55 57 56 56 57 58 58 58 54 55 57 56 58 55 50 54 56 54 47 55 57 55 46 56 56 56 55 56 57 57 56 58 58 56 57 26 8 58 57 58 41
51 50 43 46 41 48 51 50 19 52 50 43 41 48 33 47 47 41 49 58 35 48 52 54 46 49 50 55 30 49 47 23 46 48 44 32 36 39 49 27 32 49 53 51 51 53 47 32 52 51 40 47 51 47 28 52 49 36 51 51 45 47 43 48 50 45 32 56 31 48 40 41 40 51 57 48 47 51 38 44 50 55 47 43 40 51 46 38 44 42 48 47 47 18 39 49 45 28 33 51 46 45 45 52 51 36 50 54 55 53 18 38 42 54 51 33
57 56 55 56 57 50 51 53 56 57 51 46 33 44 56 56 58 43 57 56 48 57 58 57 57 58 56 56 58 53 52 56 56 58 56 53 57 54 58 55 57 58 48 51 55 57 58 54 58 58 57 58 55 39 55 57 58 50 55 56 48 52 42 48 54 50 55 58 41 57 56 49 51 51 56 53 56 56 55 57 56 58 56 57 58 58 58 58 55 57 47 58 57 52 56 50 56 55 56 57 52 52 57 58 58 57 55 57 56 52 45 50 54 57 58 55
56 55 54 51 54 56 53 55 56 54 30 51 55 55 52 52 56 50 57 57 54 57 55 55 57 57 56 55 54 56 54 54 43 57 55 55 52 55 57 54 54 39 55 56 57 55 56 48 55 55 53 55 56 38 49 58 56 55 55 57 54 53 47 53 50 56 54 56 37 57 54 52 56 58 57 54 57 56 55 58 56 56 55 57 57 57 55 55 54 56 52 58 55 56 55 55 57 58 56 57 52 39 56 56 58 56 56 56 57 57 46 8 55 56 49 41
53 53 37 54 52 47 47 50 51 54 40 49 50 48 56 52 43 38 56 52 50 50 49 50 52 54 54 53 47 55 53 49 52 54 45 54 53 44 53 45 52 52 52 47 54 54 43 33 49 55 43 51 37 53 28 55 43 26 55 53 50 55 52 48 49 54 48 56 46 49 52 48 55 54 52 53 54 37 35 53 54 55 51 50 55 56 50 56 51 50 53 58 50 35 45 55 50 49 49 51 56 53 56 53 43 25 42 57 53 49 11 26 54 52 43 21
56 51 57 51 56 55 46 54 52 55 58 56 55 51 53 55 53 52 53 58 57 57 57 54 58 58 56 57 47 56 55 49 51 58 54 51 55 52 55 48 56 55 56 55 55 58 53 51 58 58 52 58 51 56 52 58 53 39 57 58 57 56 56 54 56 55 41 56 55 56 54 55 51 55 58 58 57 53 54 58 58 58 58 58 52 57 49 55 56 49 56 58 56 37 53 53 52 46 54 57 57 54 56 58 58 45 58 58 56 58 45 43 57 58 55 38
52 53 54 48 50 42 42 50 48 53 47 55 53 52 52 54 55 45 53 55 53 56 52 56 50 50 52 50 49 56 53 50 38 55 53 56 54 52 56 56 56 53 52 55 54 57 56 49 56 56 47 57 55 53 47 54 54 42 56 53 47 37 25 50 54 52 56 56 38 57 56 55 56 52 57 53 57 54 50 58 53 58 57 54 56 57 56 56 42 56 26 56 58 37 53 51 58 55 57 57 58 55 58 58 57 54 55 57 28 58 49 26 53 58 56 51
44 51 53 50 53 35 41 47 44 43 48 56 48 54 51 51 54 45 56 54 57 49 40 50 48 53 47 54 39 53 37 36 37 48 41 51 53 50 54 48 49 50 46 48 55 47 45 52 52 48 42 36 42 43 40 54 35 22 50 52 50 50 55 50 49 50 47 51 46 52 53 55 51 52 51 53 55 46 43 51 44 52 44 49 40 49 49 54 44 54 25 57 48 43 46 54 41 45 51 51 55 53 55 51 52 35 34 42 54 51 30 31 46 36 24 28
48 52 54 46 49 45 48 47 37 43 49 43 45 43 51 49 52 45 51 52 51 56 49 54 52 49 46 52 39 52 47 38 42 53 29 53 45 33 44 49 44 38 44 43 46 55 45 42 55 57 50 56 49 47 31 57 36 22 52 35 51 49 48 48 46 50 47 56 42 42 47 45 46 45 55 51 54 41 44 54 48 56 52 53 52 56 43 51 54 46 47 51 47 36 49 46 36 48 45 52 50 52 54 51 51 34 46 50 42 44 31 44 34 53 21 26
57 57 56 57 56 57 57 57 56 56 55 55 57 55 55 53 56 57 57 55 55 58 57 57 58 57 57 55 56 57 57 56 54 56 55 56 55 55 57 54 55 55 54 44 55 58 58 58 57 58 58 58 58 57 58 58 57 58 58 58 58 58 58 58 58 58 58 58 58 58 58 58 58 58 58 56 58 58 58 57 58 58 58 58 58 58 57 58 58 58 58 58 58 58 58 58 58 58 58 58 58 57 58 57 56 57 57 57 57 53 14 34 57 58 57 38
52 52 52 35 40 52 45 51 44 47 54 41 55 52 46 53 54 48 55 56 50 47 44 52 51 54 49 54 54 51 42 36 39 56 44 52 49 53 50 50 50 42 51 39 54 55 49 55 57 55 50 58 43 51 39 56 48 15 56 50 49 43 44 47 48 52 46 57 39 53 49 48 52 51 51 34 53 45 51 54 46 54 49 47 48 52 55 49 42 46 45 55 56 46 48 45 37 53 55 46 53 48 57 53 54 45 58 58 55 53 20 18 54 58 58 40
54 55 57 55 56 47 39 47 52 52 56 51 52 54 52 54 53 44 46 49 34 41 50 40 50 55 45 51 50 52 53 51 48 55 50 43 48 50 54 51 54 50 51 46 51 54 53 20 52 46 30 54 55 35 39 53 48 15 52 51 51 49 46 45 49 48 51 55 49 54 51 39 52 53 54 42 52 51 50 46 51 51 45 45 48 43 56 55 46 52 36 50 48 36 54 54 55 52 53 55 49 51 54 53 55 37 56 53 47 56 10 34 47 54 45 26
40 41 39 38 27 35 46 36 36 29 36 51 46 35 28 46 36 39 36 37 35 43 45 41 43 49 43 55 41 43 28 31 35 52 44 34 30 19 37 32 35 43 44 37 29 50 44 48 48 52 47 56 52 42 42 48 50 45 37 39 30 36 36 28 41 42 37 41 19 47 40 34 45 40 50 53 41 31 47 46 43 45 42 41 40 41 40 37 24 35 33 48 48 44 36 37 50 36 43 49 39 43 44 43 41 44 43 48 36 46 39 43 35 44 49 40
54 37 56 40 43 52 46 53 48 52 51 33 48 44 54 52 55 30 54 53 53 54 49 53 54 57 49 55 55 52 41 51 26 40 25 54 52 52 54 46 51 52 45 49 52 56 57 53 55 52 55 56 55 47 50 56 56 51 57 54 46 57 33 52 46 50 49 58 55 54 53 28 48 55 55 50 51 50 48 51 50 55 43 47 50 49 55 46 48 51 48 55 40 52 52 49 54 49 48 49 55 35 55 57 54 48 54 56 45 47 33 42 53 56 47 48
56 56 55 56 54 55 56 55 55 54 56 54 56 56 55 54 54 56 54 56 55 54 54 54 54 54 55 55 54 57 56 54 53 56 57 54 55 53 55 55 56 56 55 53 55 57 56 53 55 57 57 58 54 56 44 56 56 53 58 58 57 58 57 58 58 57 58 58 56 58 58 58 56 57 57 56 58 58 58 57 57 57 57 57 57 58 58 58 58 56 57 57 58 58 55 58 58 56 58 58 58 57 58 58 58 44 58 58 58 47 14 7 58 58 55 28
46 40 35 32 24 37 45 36 33 35 56 38 47 51 38 48 44 42 52 53 50 45 30 48 40 57 56 57 39 45 39 38 42 53 55 48 43 46 46 44 51 45 44 48 55 58 53 53 57 56 56 57 55 33 45 56 45 48 47 53 34 47 26 47 52 51 35 50 50 51 43 52 46 44 52 58 54 46 52 31 31 49 35 39 50 48 46 42 44 40 50 48 58 41 46 49 48 41 47 48 52 52 53 56 45 49 49 56 44 37 36 31 46 51 41 49
50 38 25 27 23 56 29 47 56 45 57 54 56 56 53 53 56 51 56 53 55 51 53 52 42 51 56 56 56 48 37 57 53 55 55 58 54 56 56 57 58 56 56 54 57 57 54 44 57 57 58 55 45 40 33 55 51 29 47 55 44 50 46 50 52 54 55 57 52 54 52 53 53 52 55 53 51 49 54 47 50 52 46 41 45 52 54 51 30 49 51 54 56 49 54 53 53 53 56 56 55 52 55 54 45 51 49 54 41 50 32 46 47 53 51 40
53 55 56 51 48 48 52 53 55 56 54 56 57 55 52 55 57 57 58 53 55 56 55 56 55 56 57 57 55 52 50 54 52 56 56 58 57 55 58 53 54 53 57 39 51 57 56 11 58 57 51 53 57 40 29 58 57 13 56 57 52 53 51 53 55 54 55 56 43 57 46 40 53 53 53 56 55 44 56 54 53 55 53 54 53 53 56 53 53 56 53 55 55 36 56 55 56 55 52 54 55 48 55 57 56 52 51 56 54 53 23 48 44 56 56 53
57 57 56 56 55 58 57 57 58 58 57 57 57 57 56 57 58 56 57 55 54 57 57 56 57 57 57 57 58 56 57 57 55 57 57 57 56 56 58 57 57 56 56 55 57 57 58 54 57 57 58 58 58 58 55 58 57 38 58 58 57 58 58 57 58 57 57 58 57 57 57 57 58 57 58 55 58 56 58 57 56 57 57 57 57 58 58 57 58 57 58 57 58 51 57 56 58 57 58 57 58 58 58 58 57 58 58 58 57 58 50 17 58 58 56 56
57 57 54 55 55 54 55 58 56 54 55 55 54 55 55 53 57 51 57 56 54 55 54 55 55 56 56 57 56 51 49 54 55 54 58 56 55 55 56 56 57 55 57 55 58 57 53 42 58 57 53 58 47 36 55 56 56 50 55 58 57 56 53 52 56 57 55 58 34 58 57 58 55 54 58 57 57 58 55 57 57 57 51 51 52 57 57 56 44 55 54 58 58 48 57 46 58 56 56 57 55 54 56 58 58 58 58 58 57 58 22 44 58 57 58 51
56 51 46 48 47 45 48 50 43 52 51 42 43 48 36 48 53 43 56 56 53 55 50 57 56 56 53 48 54 54 55 47 40 57 55 54 44 53 53 45 57 50 52 38 52 57 55 45 57 57 51 58 52 38 41 57 49 45 55 57 43 52 45 47 51 49 40 48 42 53 48 54 44 47 51 49 55 44 55 56 55 56 57 53 52 55 56 54 54 54 55 55 55 52 50 51 58 49 53 58 58 48 53 56 51 39 45 55 52 50 13 32 37 55 55 46
56 56 56 56 55 49 56 54 33 56 55 51 50 50 43 48 54 40 57 54 44 57 55 57 50 53 56 56 57 50 41 34 55 50 46 57 48 57 54 45 52 49 56 51 53 56 49 47 55 57 51 53 49 46 53 54 53 49 51 47 52 52 52 47 54 58 39 56 42 48 49 49 51 47 57 52 51 48 53 55 51 56 57 50 54 56 58 51 48 38 47 53 58 54 57 57 57 48 49 53 54 51 58 56 55 42 53 58 56 55 46 54 41 57 55 31
46 45 46 44 37 49 44 45 34 37 45 44 47 49 35 45 45 33 54 55 55 44 48 47 50 48 54 44 53 50 40 30 46 50 46 49 35 40 43 37 53 52 53 43 52 55 48 51 52 53 51 46 51 50 46 55 57 47 56 48 52 47 49 46 50 49 34 53 24 51 42 47 35 43 58 53 54 46 34 44 50 54 46 45 52 44 56 45 42 31 33 52 51 41 37 33 55 46 50 46 50 37 48 53 55 35 51 55 47 53 48 36 49 57 54 51
54 40 50 49 44 52 47 50 47 53 49 41 49 46 44 57 53 42 56 58 53 56 49 57 45 42 51 56 55 49 51 49 55 45 44 48 47 53 49 43 47 56 58 43 49 55 44 28 57 57 48 54 46 46 57 58 54 56 49 55 51 50 48 46 45 52 42 56 45 51 45 47 47 55 54 49 53 50 50 54 50 56 53 49 53 56 56 53 49 53 51 45 54 45 46 34 49 54 42 51 52 56 57 51 46 47 45 55 52 52 46 27 45 57 56 54
54 53 58 54 54 50 51 49 42 55 50 45 48 49 48 46 48 55 58 58 58 49 46 55 44 51 58 54 58 54 43 39 45 56 56 58 48 57 58 45 53 53 51 48 57 58 55 58 57 57 50 55 56 48 43 57 54 37 57 56 57 54 57 49 50 55 35 57 49 45 47 48 46 42 56 55 58 53 57 48 50 57 48 49 52 55 58 52 37 41 47 55 56 53 57 52 51 46 49 53 45 54 58 53 52 52 58 58 56 57 55 54 54 57 50 42
57 56 56 58 56 53 51 56 42 56 47 55 50 48 46 52 57 41 47 56 53 52 48 53 49 52 56 53 45 53 50 43 48 53 50 37 38 34 36 52 53 58 54 53 56 55 51 54 56 57 56 55 57 57 38 56 57 57 56 57 41 54 44 56 57 57 37 58 48 51 48 47 49 57 57 48 57 56 55 52 46 55 49 45 52 57 52 45 42 42 48 50 57 55 44 53 58 33 52 51 55 54 57 53 49 49 52 58 57 55 48 56 44 56 57 47
53 54 54 53 53 51 52 52 53 53 52 52 56 53 55 54 54 54 56 56 51 54 53 56 53 53 56 57 52 54 53 55 52 54 54 53 56 54 54 56 55 55 53 53 53 56 56 54 55 56 49 56 53 14 28 56 55 9 55 55 55 55 55 55 56 56 55 55 45 56 56 54 56 56 56 56 56 35 56 54 55 56 54 55 55 55 55 55 55 55 54 55 55 54 55 55 56 55 55 55 56 55 57 54 56 55 47 55 47 57 5 8 38 56 57 26
45 44 47 35 31 38 41 36 34 35 50 38 48 48 47 48 53 50 48 56 50 49 52 51 50 55 52 50 36 49 35 31 26 52 47 53 42 42 44 37 51 47 45 46 45 51 46 43 53 52 48 51 33 48 45 53 44 24 40 50 46 51 45 51 51 39 35 51 32 37 43 47 43 40 52 47 50 49 46 48 47 52 49 50 54 50 54 49 34 30 50 52 51 49 41 44 56 45 56 54 52 43 50 55 49 39 38 53 42 49 15 20 45 35 39 16
55 53 55 57 56 53 55 54 47 56 51 48 48 44 54 53 55 44 55 52 52 56 55 56 53 55 53 57 57 52 51 44 44 57 57 55 57 56 57 54 56 49 54 47 54 58 57 55 55 58 52 53 53 52 57 54 57 49 51 57 56 57 58 50 53 58 43 58 52 57 49 51 53 57 58 52 58 57 55 57 55 57 54 55 55 57 55 50 41 34 57 55 58 51 57 57 55 44 56 56 57 45 58 58 58 23 58 58 57 57 53 55 28 58 58 56
44 47 47 45 40 42 39 38 46 45 36 41 47 37 48 49 50 25 54 49 52 54 52 48 49 46 47 46 43 46 44 47 41 51 38 43 52 53 40 48 43 45 45 41 46 55 52 23 52 50 54 55 48 29 44 55 56 17 51 51 54 51 53 47 48 53 53 54 26 55 53 44 48 30 44 18 55 56 43 53 52 51 50 51 53 51 52 53 47 53 53 55 52 26 47 25 23 54 53 52 53 48 52 53 50 29 41 54 49 51 10 19 21 54 21 21
51 55 54 53 55 52 52 52 52 52 54 44 43 52 54 40 54 35 54 57 55 55 57 55 57 53 53 57 52 54 50 43 51 54 39 57 55 52 55 50 56 53 51 50 53 53 52 53 55 55 41 32 56 2 47 55 55 36 54 56 49 56 54 51 55 56 48 55 36 52 51 54 53 49 54 40 54 51 52 56 53 56 52 54 55 56 45 57 56 51 56 54 53 54 53 50 52 52 53 56 54 55 57 55 56 51 53 56 50 53 7 19 39 55 36 24
52 56 56 56 56 29 47 43 52 56 52 47 40 29 55 56 58 50 57 57 57 49 55 53 56 54 56 56 53 58 56 55 54 58 22 53 55 54 56 55 57 54 52 46 57 57 56 28 56 56 58 58 57 58 58 57 57 48 57 57 50 56 53 54 54 48 55 58 50 57 50 53 54 56 56 53 51 55 51 38 50 45 50 53 51 54 57 56 55 53 52 55 49 50 55 55 56 57 57 55 54 54 56 55 55 56 57 56 55 52 36 29 47 54 40 52
40 52 46 36 40 28 32 26 27 33 56 38 42 38 49 46 49 49 49 44 50 46 49 52 56 47 47 40 41 50 40 34 32 55 38 48 47 52 51 29 33 47 43 39 45 55 47 30 49 47 54 56 36 46 54 51 44 30 45 34 46 42 46 46 37 37 33 52 38 41 33 19 47 46 51 49 48 47 48 48 49 46 48 49 39 44 36 48 37 31 41 49 54 45 52 43 54 33 37 44 44 47 48 54 48 39 38 57 46 50 40 32 42 47 46 40
58 58 56 58 57 58 58 58 56 58 58 55 58 57 56 55 58 54 58 58 58 55 56 57 57 58 58 58 58 58 58 58 49 58 57 58 58 58 58 58 58 56 58 57 58 58 58 58 58 58 55 58 56 58 55 58 58 52 58 58 58 58 58 58 58 58 55 58 55 58 57 58 57 56 58 57 58 58 57 55 58 58 56 56 56 57 58 57 56 55 56 58 58 58 58 58 58 58 58 58 58 57 58 58 58 55 58 58 58 58 56 55 50 58 58 53
54 55 44 46 41 38 45 28 47 37 44 38 33 33 40 47 53 56 56 47 55 54 54 51 45 50 45 46 55 56 54 43 52 56 55 55 42 49 52 49 52 55 55 35 39 56 57 37 56 56 47 56 56 54 15 57 54 52 50 49 51 47 44 49 47 54 42 45 35 54 42 40 44 50 44 58 50 45 50 56 52 56 50 43 43 48 53 49 51 44 48 53 57 52 49 54 51 47 49 49 55 48 48 56 54 40 52 58 53 40 7 51 21 53 54 55
53 56 55 53 45 47 48 50 51 54 56 52 51 47 50 55 53 54 57 56 51 53 44 55 52 47 44 53 46 44 38 34 46 53 46 49 55 55 55 47 49 53 50 51 51 57 54 50 57 58 58 50 30 28 52 52 36 14 54 56 51 56 51 54 56 55 53 56 56 56 55 55 55 56 54 45 53 54 57 54 55 54 54 53 50 56 50 48 49 48 51 56 54 34 53 37 33 53 53 54 53 55 52 54 52 29 53 56 45 33 18 25 50 41 43 14
57 57 57 57 56 57 56 57 55 58 56 56 58 52 54 57 56 51 56 57 57 58 57 58 58 58 56 58 56 58 57 57 56 58 57 58 56 58 58 53 55 58 55 58 57 58 58 55 57 58 58 58 58 7 58 58 57 42 56 57 57 57 57 55 56 57 56 56 57 57 57 57 57 56 57 57 57 56 56 57 57 57 57 57 56 56 57 57 56 55 57 57 57 53 57 56 48 55 56 56 56 56 56 57 57 55 56 57 56 57 34 56 56 57 55 44
50 55 52 51 51 48 44 50 43 42 55 41 47 49 53 50 54 49 54 53 50 57 54 56 49 54 49 58 52 51 44 42 50 55 53 52 53 54 56 45 52 55 56 53 45 57 58 53 58 58 50 55 37 41 47 56 49 32 52 51 43 52 32 50 52 55 46 56 48 49 46 56 50 47 56 52 58 57 56 58 55 58 56 51 37 58 52 53 44 43 47 55 54 42 57 46 55 52 51 55 53 54 54 58 55 52 55 58 58 51 25 41 50 58 42 30
55 57 55 56 58 54 53 56 56 55 54 56 55 56 56 48 56 50 57 55 56 56 55 56 58 57 58 58 56 56 53 53 56 57 58 54 55 51 57 56 57 55 55 57 56 58 58 56 58 58 57 58 58 57 55 58 58 58 58 58 41 58 53 55 58 55 57 58 28 58 56 58 58 52 58 56 58 50 54 58 57 58 57 58 58 58 58 57 54 57 56 58 58 57 58 58 58 58 58 58 58 58 58 58 58 58 57 58 57 58 45 52 58 58 57 49
50 57 56 55 52 50 50 54 39 50 50 51 53 57 48 53 50 33 57 57 54 56 45 51 49 56 51 56 44 48 46 41 48 54 33 41 51 49 50 47 42 54 54 54 51 58 47 58 55 54 55 54 50 49 34 51 54 29 50 56 45 49 50 53 52 54 52 55 55 50 39 47 56 47 56 43 50 56 56 56 46 57 51 53 56 51 51 52 48 46 41 52 54 29 54 46 46 54 52 55 51 54 56 53 56 45 58 58 58 43 30 36 25 49 50 52
56 53 49 53 50 54 53 53 49 53 50 51 50 49 56 54 56 49 54 55 55 55 50 54 49 54 52 56 54 55 55 51 54 56 55 56 56 55 56 52 55 51 56 51 56 57 56 53 57 57 49 56 10 32 35 57 56 51 55 56 52 55 54 56 54 56 49 57 53 55 54 54 56 56 56 55 55 55 56 54 55 56 47 46 38 55 56 39 42 45 53 57 56 54 55 55 57 56 56 57 54 55 55 56 56 50 57 57 53 52 5 33 56 56 56 33
50 40 46 48 40 40 39 49 37 51 44 40 34 25 48 43 46 36 51 51 50 37 43 35 33 32 35 46 39 31 37 32 37 45 38 47 43 49 45 40 44 49 51 39 51 55 52 34 40 47 43 52 35 42 28 55 38 34 43 48 31 46 34 48 46 50 38 45 44 44 35 30 44 46 47 42 52 49 51 41 48 39 29 24 34 32 33 32 45 38 35 42 49 37 50 44 48 31 41 45 53 51 53 52 52 39 40 50 49 54 25 29 38 53 48 25
57 52 44 58 47 57 52 48 50 57 49 38 49 53 55 46 57 45 58 56 58 57 57 58 58 58 57 58 39 56 56 47 44 58 56 56 58 57 57 51 55 57 56 57 57 58 57 48 58 58 56 57 55 48 56 55 58 55 50 53 55 54 51 55 52 56 49 58 52 52 54 56 56 50 57 55 57 57 57 58 57 58 57 58 54 58 40 53 50 49 55 58 55 44 57 54 54 53 51 58 54 58 56 58 55 57 55 56 58 54 42 44 53 55 49 54
57 53 55 43 47 51 39 55 52 49 50 51 54 56 50 54 54 51 54 51 54 56 53 57 47 56 45 53 54 49 40 46 55 55 57 54 51 47 54 52 54 44 52 50 55 58 53 42 53 58 52 46 35 47 46 54 54 51 57 56 58 57 56 47 45 53 49 58 48 51 53 48 55 50 56 42 55 48 57 58 54 56 56 54 48 54 56 48 43 37 55 55 56 51 56 55 54 41 53 51 48 53 57 57 51 46 50 58 51 45 38 31 54 55 34 47
53 50 56 45 49 51 55 50 53 46 56 45 45 56 53 43 55 40 55 51 53 40 51 46 52 57 47 53 51 55 52 55 49 57 42 53 53 53 57 52 49 56 49 53 50 58 55 55 57 57 55 57 57 57 53 58 58 55 56 55 52 54 58 56 52 54 45 53 47 47 51 56 56 51 58 50 56 57 49 44 47 46 39 44 45 47 55 54 54 51 55 53 55 50 56 52 57 46 44 55 54 56 56 55 57 54 58 57 48 56 43 46 57 58 56 51
56 57 55 57 57 52 51 56 51 55 51 56 54 54 53 56 56 54 57 56 57 57 49 53 49 56 56 55 57 54 50 43 57 56 58 54 55 56 54 56 57 54 55 54 54 56 56 51 57 55 52 55 49 56 54 57 57 19 57 56 57 56 56 56 57 56 48 57 55 57 55 55 55 56 57 57 50 47 55 57 57 57 53 50 49 51 57 57 57 56 56 57 57 50 57 57 56 57 56 57 57 51 56 58 57 45 56 57 57 57 9 51 44 56 45 52
55 56 57 57 54 53 56 55 54 58 55 55 56 55 52 56 47 40 54 52 57 54 54 55 56 57 57 55 53 57 56 54 50 58 39 57 55 54 55 55 55 55 55 43 54 58 55 52 55 55 56 56 48 44 48 58 56 43 57 57 57 55 54 55 53 55 50 58 56 56 58 54 50 58 58 55 58 52 54 55 56 57 54 55 55 55 57 57 55 57 57 57 53 55 57 58 58 55 57 56 56 53 57 55 55 53 56 57 55 28 16 21 54 55 55 49
55 53 58 58 32 54 49 47 55 54 27 37 33 21 52 49 55 55 56 56 55 55 55 56 54 58 52 52 57 52 52 52 24 57 58 58 51 49 55 55 52 58 58 58 54 56 56 21 58 52 55 56 57 51 56 58 55 57 51 57 50 55 56 46 50 54 51 52 27 45 49 39 51 49 56 56 56 57 55 54 51 51 47 51 53 53 57 49 50 48 56 56 56 55 52 52 53 54 50 56 53 49 52 54 57 54 48 53 52 47 47 33 57 53 55 51
55 46 52 49 55 55 54 58 47 52 58 52 51 50 52 56 54 50 56 57 55 56 48 52 51 56 57 55 53 53 45 45 49 45 41 57 47 46 55 45 53 57 57 55 52 58 53 51 58 56 54 57 56 32 51 57 50 12 53 53 55 52 55 55 56 58 47 55 55 54 49 49 52 54 55 50 57 57 54 55 45 56 50 54 53 56 54 40 48 42 49 45 54 44 43 56 56 49 55 56 56 54 56 56 52 50 52 57 55 55 27 27 50 56 57 44
42 47 40 43 37 42 27 49 30 43 49 45 38 43 39 48 44 41 53 49 54 48 46 47 42 44 41 46 38 37 24 29 45 53 49 47 31 35 51 42 50 50 54 47 45 53 54 47 50 46 55 58 51 52 44 50 41 39 51 51 45 54 50 44 51 50 28 41 51 49 51 50 35 51 53 42 49 50 51 45 45 47 39 31 38 46 40 45 36 26 47 51 54 45 39 50 53 37 49 49 53 42 47 50 47 41 56 50 41 47 23 34 30 43 43 28
55 55 49 55 54 56 53 55 54 55 51 55 53 36 58 58 57 51 54 57 52 56 54 57 55 55 51 58 54 54 54 57 54 58 45 49 56 55 53 52 55 57 55 37 55 57 56 53 58 58 56 57 56 38 51 58 51 35 57 57 47 56 50 55 54 54 55 55 53 57 57 52 55 57 54 57 57 54 56 57 55 57 51 53 53 55 56 55 54 53 54 57 56 53 56 54 54 55 55 56 56 58 58 57 57 51 56 58 58 55 24 20 49 55 57 26
51 38 53 47 54 53 52 54 47 53 55 42 51 48 51 49 49 21 52 53 49 56 26 55 47 55 52 56 51 45 49 45 51 23 53 56 45 48 44 46 48 55 54 55 55 53 57 44 52 53 55 58 45 50 46 57 57 47 51 52 50 49 41 53 48 49 49 55 55 50 46 51 55 49 51 53 57 51 53 56 43 57 54 56 54 55 51 53 47 53 43 39 56 42 57 54 44 53 53 53 51 55 56 57 52 42 56 55 54 53 14 17 26 55 41 41
53 50 52 53 50 51 49 53 37 44 52 47 47 47 44 48 44 46 56 52 50 50 50 53 53 49 50 56 46 52 41 36 39 51 44 54 44 49 47 40 39 37 46 39 53 56 55 44 55 56 49 49 33 27 55 45 45 46 54 48 55 50 53 37 46 51 36 52 51 47 40 43 44 46 53 36 48 51 54 47 46 49 51 49 41 57 55 47 40 33 41 45 56 56 39 46 53 48 43 52 52 47 56 56 55 31 57 54 49 53 45 50 24 49 58 33
33 53 52 47 51 39 43 51 46 32 50 46 52 48 42 46 51 46 53 54 54 53 52 54 52 53 51 54 47 43 20 37 47 50 52 53 54 47 52 43 54 53 54 48 51 58 56 30 56 57 50 51 47 51 35 52 53 34 47 48 42 50 28 51 53 55 46 53 50 47 47 49 49 45 54 49 55 48 54 53 51 53 53 54 52 55 53 42 23 38 41 50 58 47 54 52 52 40 56 50 50 48 54 55 57 53 35 53 48 58 29 23 38 54 54 37
56 57 55 56 54 54 53 54 56 57 50 56 56 53 53 54 57 47 56 55 53 54 48 50 44 56 56 56 57 54 52 54 55 57 53 55 50 55 56 56 56 57 56 54 55 57 56 56 56 57 50 54 51 49 55 54 51 42 58 58 57 58 58 44 55 56 57 58 53 56 56 55 57 57 58 52 58 56 57 56 56 58 39 49 44 58 57 58 58 56 58 58 56 57 57 58 55 57 56 57 57 51 58 58 58 49 53 57 55 52 22 18 53 52 50 51
57 55 58 55 57 56 58 57 58 55 58 56 58 58 56 56 56 54 58 57 54 57 56 57 56 56 58 58 58 57 55 54 55 57 58 56 55 57 56 55 54 57 56 57 58 58 58 47 57 57 43 57 32 44 58 58 58 23 58 56 55 55 57 54 55 56 55 57 55 57 55 55 56 54 54 56 58 58 56 56 56 57 56 57 57 56 55 56 56 55 54 55 58 56 56 58 57 54 55 56 55 57 58 58 57 52 50 58 57 58 35 50 56 58 53 30
47 41 42 37 23 39 45 38 37 48 48 25 50 43 51 48 44 37 52 50 52 48 49 46 40 49 42 49 38 47 48 40 23 47 43 48 50 45 47 35 42 51 40 41 50 56 50 48 56 49 53 50 38 43 53 54 50 36 50 32 40 27 18 35 47 51 40 58 53 22 55 50 47 44 51 42 55 54 53 45 49 46 46 41 47 45 41 42 48 41 35 50 44 45 40 42 40 40 47 57 43 46 51 52 50 54 51 55 47 35 18 32 57 53 48 44
54 57 43 57 54 51 58 56 53 54 54 34 53 54 57 53 50 49 52 55 53 56 55 53 51 57 54 55 47 55 49 48 33 54 50 52 57 51 55 55 56 57 52 29 55 56 53 50 54 52 50 57 56 37 56 56 51 43 52 57 54 57 52 53 52 57 49 51 57 54 52 53 56 56 58 45 57 58 54 53 54 56 50 54 55 53 53 53 51 46 46 57 53 51 54 53 55 58 55 53 58 30 56 55 56 55 56 54 51 52 31 43 53 51 29 31
42 48 53 32 43 32 50 53 47 47 53 50 48 51 49 53 52 31 51 50 45 42 52 55 42 53 49 54 47 46 41 50 51 55 55 51 52 52 54 50 50 40 52 48 44 58 57 56 55 54 55 57 33 49 44 56 24 57 53 55 50 50 48 53 54 56 52 55 45 50 46 51 51 49 50 32 53 50 48 37 47 55 57 51 50 49 46 56 29 46 35 52 56 45 53 50 53 46 50 47 50 49 55 53 46 47 53 58 57 34 24 48 54 51 35 45
53 57 55 52 52 51 56 55 47 55 55 50 52 52 53 52 56 44 56 58 58 58 55 55 55 56 56 55 47 56 47 37 46 49 45 43 52 45 43 50 48 48 50 54 56 56 52 51 58 58 33 54 41 51 47 57 54 30 50 55 56 44 54 51 55 55 44 58 53 54 51 53 57 56 56 53 58 56 57 58 57 58 53 49 50 51 44 50 53 44 45 54 46 36 50 47 36 56 50 55 50 48 54 50 49 53 57 53 54 52 37 42 55 57 44 44
53 53 50 53 44 51 52 44 31 48 47 49 49 48 46 55 46 48 49 56 49 52 51 50 56 57 56 57 48 54 49 31 44 56 44 54 49 53 56 38 37 38 53 22 47 57 58 29 54 55 57 57 53 58 39 57 52 36 54 52 51 49 45 51 42 44 40 55 47 54 54 52 49 56 51 52 55 45 53 51 52 55 46 51 56 53 54 50 46 37 46 53 55 41 55 53 55 47 44 48 57 50 53 57 55 37 48 53 53 37 15 42 30 53 54 42
58 58 58 58 58 57 58 58 58 58 58 56 55 58 58 57 58 50 58 58 57 58 55 55 58 58 58 57 44 58 58 58 58 58 42 57 57 57 56 58 58 57 58 52 58 58 57 47 58 58 58 58 57 54 55 58 58 48 54 58 57 58 58 57 57 58 56 58 58 56 56 56 58 56 58 56 58 57 57 57 56 58 54 54 58 56 41 53 54 57 57 58 54 55 58 56 55 58 58 58 58 58 58 58 56 57 58 58 57 57 53 52 57 58 56 56
58 58 58 58 58 55 55 58 57 58 58 55 53 54 58 58 58 57 58 58 58 58 58 58 58 58 58 58 58 58 57 57 52 58 58 58 58 56 58 58 58 58 58 54 58 58 58 57 58 58 57 58 55 58 53 58 58 58 58 58 56 58 55 53 56 56 57 58 58 57 57 56 56 58 58 57 58 58 58 58 58 58 58 58 58 58 58 58 53 53 58 58 58 58 56 58 58 58 58 57 58 58 58 58 58 57 58 58 58 58 58 54 57 58 56 57
57 55 55 57 49 57 58 58 56 53 57 57 57 52 57 57 56 58 58 57 58 57 53 57 57 56 57 57 57 57 57 54 56 57 57 57 57 57 57 57 57 57 56 57 57 58 58 50 57 57 58 58 56 44 55 58 58 46 57 56 58 57 56 58 58 58 58 57 57 58 56 55 57 57 56 56 57 56 58 55 55 57 53 55 54 57 57 57 58 55 57 57 58 57 57 57 58 58 57 58 57 57 58 58 58 58 58 58 51 51 19 56 57 58 58 55
56 58 58 57 58 56 56 58 55 54 56 58 54 43 55 56 57 55 55 56 52 58 55 58 56 58 57 56 57 55 56 51 58 57 56 56 57 54 57 55 56 56 58 32 57 57 57 53 56 58 54 58 58 53 40 57 56 55 56 57 57 58 58 56 57 58 57 58 28 56 56 51 56 58 58 53 57 57 58 57 57 57 57 56 57 58 57 57 57 56 56 57 56 55 55 57 57 54 58 58 55 42 58 57 58 52 57 58 58 53 45 43 56 54 58 48
58 56 54 56 53 58 57 57 57 53 53 54 51 40 57 57 56 56 58 58 55 53 54 41 58 58 58 58 55 56 53 50 48 57 57 53 54 54 58 57 58 58 57 51 58 58 48 44 58 58 55 56 58 55 55 58 54 32 55 57 55 58 55 50 57 58 50 58 54 55 56 53 56 57 57 55 56 49 57 54 55 58 50 53 43 53 56 53 48 50 56 57 57 57 54 54 58 55 56 56 57 56 58 55 55 57 56 58 58 55 46 47 53 58 45 52
50 46 48 41 37 33 40 32 37 52 40 36 52 40 44 52 44 40 49 49 30 52 49 52 50 51 49 51 42 51 46 39 37 48 37 45 45 26 48 38 37 40 49 30 46 54 52 24 50 52 48 50 49 50 17 55 36 27 46 55 52 46 35 50 41 41 36 53 29 47 40 44 54 54 52 50 48 49 47 49 47 47 45 46 44 53 39 38 44 38 41 49 52 51 38 46 54 34 40 51 50 35 53 52 47 45 36 48 48 47 10 32 16 42 25 13
55 57 55 57 56 53 57 55 55 56 55 54 55 53 57 55 57 42 57 55 57 56 52 56 55 55 55 56 52 57 52 44 51 56 51 54 56 50 46 56 57 57 57 51 57 58 58 28 57 57 58 53 22 49 47 54 50 19 53 56 50 58 56 48 53 56 53 57 54 56 55 52 53 55 56 46 57 53 53 54 55 55 52 51 51 54 51 51 48 52 55 55 55 44 50 58 45 54 55 53 55 53 54 57 57 56 52 56 57 47 11 53 55 57 53 51
