9 6 17 7 14 4 18 7 25 4 7 12 8 8 22 5 0 24 1 5 5 14 21 7 13 5 8 2 17 14 7 58 12 1 24 6 32 13 7 12 4 18 4 14 1 3 6 23 3 1 17 4 5 4 28 2 3 49 10 4 8 4 13 12 17 4 14 2 16 5 6 4 11 6 0 6 1 4 2 13 18 4 21 7 3 1 8 13 15 42 4 4 2 5 22 37 1 0 2 16 2 13 11 1 3 11 1 0 2 5 26 31 18 1 3 11
24 25 38 23 53 31 44 50 34 31 25 36 23 27 46 14 21 38 27 20 30 30 19 25 20 27 34 24 27 28 35 31 36 21 23 12 42 20 8 49 37 24 18 31 37 19 20 56 16 29 24 21 8 18 55 15 38 39 24 28 47 41 45 38 49 43 51 9 46 20 26 36 40 15 10 14 16 25 14 11 27 14 29 33 31 17 15 18 49 29 56 21 29 8 14 14 5 32 39 34 31 79 39 19 11 45 18 19 10 5 70 11 24 7 29 39
4 17 19 12 14 51 27 10 24 9 8 28 17 36 21 5 4 54 5 36 25 9 6 4 7 13 10 8 7 5 9 17 24 3 26 1 16 7 6 23 11 12 19 41 17 6 6 31 4 3 10 8 15 19 41 4 5 50 4 10 30 16 31 14 21 12 16 11 30 10 23 27 11 10 13 8 4 18 6 4 3 3 8 9 15 5 8 15 21 17 17 3 10 28 5 7 5 14 6 14 14 51 19 3 2 33 21 3 11 6 84 22 46 3 13 26
7 9 6 8 13 15 13 8 9 7 11 9 6 24 6 9 7 21 5 6 5 3 6 5 4 2 3 4 7 3 12 10 14 7 3 9 9 8 9 13 8 9 11 22 5 2 1 49 9 4 3 2 32 68 61 3 5 79 7 5 14 6 5 12 9 8 8 6 67 6 9 24 8 3 6 7 7 22 7 5 3 3 4 6 11 5 7 4 9 10 6 7 2 10 9 8 6 5 6 14 4 10 3 2 3 12 4 2 3 2 103 23 21 3 7 50
4 3 4 4 11 11 6 0 7 4 1 0 11 24 10 1 4 13 1 3 8 0 0 1 2 3 2 0 15 6 3 14 2 5 13 11 12 30 7 6 5 5 1 5 3 7 20 6 1 2 5 2 2 7 2 0 9 4 4 0 17 1 11 6 3 1 10 2 2 2 13 38 12 2 1 20 3 4 2 0 0 0 2 3 5 0 10 2 3 12 1 2 2 54 16 36 3 19 5 2 0 13 1 8 17 19 0 2 5 4 5 16 3 3 1 2
2 6 4 3 7 2 9 6 6 2 6 53 17 21 2 4 3 9 1 3 5 3 3 4 6 3 4 2 3 2 3 6 37 2 9 0 4 5 2 3 3 1 2 18 3 2 5 90 2 5 9 3 3 11 1 0 3 4 9 7 7 5 8 6 8 3 9 2 3 18 4 7 5 4 2 11 2 4 6 2 4 3 5 11 13 8 6 5 9 7 3 2 2 2 5 1 1 2 3 2 3 3 2 1 4 2 4 2 1 0 64 2 0 4 15 38
11 8 6 17 9 25 18 11 18 17 15 26 21 16 9 8 11 27 33 15 13 2 4 5 8 9 6 5 8 13 13 18 16 10 8 10 9 16 8 33 6 4 8 18 13 3 12 31 5 4 36 7 29 52 67 2 7 45 9 11 4 11 21 16 7 7 10 11 35 8 17 42 10 1 3 29 24 66 25 5 8 2 15 13 13 7 9 8 26 13 22 3 5 28 11 14 5 11 15 13 3 52 4 12 9 18 7 2 12 8 81 50 29 9 5 50
4 4 7 6 7 3 7 4 11 12 2 11 41 7 9 6 26 32 7 5 9 9 18 7 14 8 7 5 8 6 7 20 14 5 4 6 10 16 5 12 10 8 4 10 8 6 4 13 6 5 6 8 16 68 7 4 4 77 4 2 7 7 15 9 6 8 18 13 25 6 21 9 18 19 9 18 5 2 10 9 13 5 16 10 35 7 7 9 12 15 14 12 4 13 5 8 3 11 8 16 6 16 4 4 3 3 2 5 11 9 86 95 5 3 6 68
1 1 11 0 3 2 2 2 1 2 2 3 6 4 1 1 1 8 4 2 5 3 2 0 2 0 0 1 1 0 2 3 19 1 1 2 1 2 1 1 1 0 3 3 1 0 0 2 0 0 1 0 1 34 2 1 6 5 0 1 10 0 11 1 1 1 2 2 1 1 1 19 0 2 1 1 5 6 7 4 3 1 4 4 0 1 1 1 0 1 0 1 1 2 1 1 0 2 1 1 1 4 0 0 1 5 0 0 0 1 44 1 0 0 2 4
2 4 22 3 32 5 4 7 6 6 25 16 11 31 11 1 3 3 6 5 17 5 13 10 18 4 5 7 2 11 14 14 6 7 5 1 8 4 6 9 6 3 3 9 4 1 16 76 0 1 3 1 7 14 9 0 3 49 2 10 12 2 6 6 5 6 8 1 3 5 6 32 9 6 1 2 2 16 3 4 6 0 11 8 5 8 2 7 8 3 7 5 4 4 3 6 1 5 3 16 13 14 4 1 2 7 4 1 0 0 48 7 3 0 6 49
3 22 11 36 29 8 38 26 3 21 22 12 18 24 66 35 34 23 7 6 34 33 19 12 19 16 10 15 5 13 11 6 15 10 12 4 48 42 12 9 52 82 13 36 15 2 7 31 7 4 6 7 12 29 33 4 9 34 13 7 11 3 5 12 20 6 16 15 27 4 13 29 30 21 21 12 3 9 7 15 16 7 17 15 19 16 15 14 9 7 6 8 5 12 10 8 14 7 42 32 10 25 15 2 9 21 13 2 10 11 34 58 17 3 15 21
6 29 30 18 28 31 39 13 23 4 21 37 13 26 7 16 4 25 2 4 10 1 23 2 6 23 2 1 30 12 13 9 37 2 20 26 11 12 16 25 15 2 17 23 26 0 1 32 1 2 25 13 37 29 3 0 10 26 19 7 6 7 10 17 9 13 27 2 33 8 13 8 21 10 3 3 0 9 12 5 5 0 4 14 17 1 16 14 17 21 12 4 2 42 11 14 0 25 16 14 2 36 3 1 12 10 5 2 14 25 55 36 2 3 19 3
5 7 49 24 65 19 16 14 19 8 29 9 19 19 19 14 37 25 2 6 12 22 34 12 26 15 5 1 20 13 32 56 17 10 10 16 23 5 11 14 12 7 11 14 3 1 4 4 6 0 13 3 0 20 19 1 31 14 1 7 4 3 17 1 9 10 31 4 22 7 8 16 17 12 2 9 7 12 9 22 14 15 37 18 13 7 3 5 24 28 4 5 3 24 12 20 9 16 14 7 9 14 3 0 8 12 1 0 39 13 3 5 4 13 16 6
6 17 24 22 25 26 20 26 36 13 12 17 18 27 13 14 17 16 11 18 22 24 26 13 18 12 11 8 46 19 22 52 18 14 39 13 11 11 2 54 41 6 9 21 10 9 32 68 13 7 11 7 27 28 38 5 15 57 16 16 38 18 38 35 41 31 52 5 72 16 29 62 9 12 8 11 12 18 9 23 23 8 23 18 9 25 33 27 23 34 44 8 9 21 6 27 6 11 24 16 8 59 24 14 18 23 11 3 11 15 44 18 26 8 10 51
1 9 7 5 9 9 20 11 7 1 15 14 12 5 3 20 11 3 2 4 2 5 8 5 10 2 7 2 5 2 2 8 3 1 12 3 4 3 2 1 2 5 6 12 2 2 1 60 2 1 2 0 0 1 11 0 3 17 6 2 3 4 3 4 7 3 24 0 16 3 5 9 3 4 3 7 2 1 1 2 2 1 5 5 2 2 6 10 9 24 4 1 3 4 3 3 1 4 5 21 4 5 2 2 4 9 9 1 1 0 28 91 4 0 2 13
9 20 17 16 14 24 13 10 18 18 19 35 17 41 26 24 11 35 31 32 29 20 18 16 14 10 32 26 30 5 12 38 45 2 21 28 24 24 15 24 18 15 17 32 8 12 44 13 18 8 41 16 17 10 23 7 34 48 10 7 15 17 21 20 16 12 30 2 25 16 16 10 13 18 8 22 16 12 13 13 15 5 18 29 37 21 12 13 11 15 9 4 2 25 3 24 13 17 12 10 22 37 10 31 29 10 1 9 8 17 35 46 58 2 33 43
8 25 45 42 35 27 39 28 5 5 10 25 12 27 21 10 12 56 5 5 9 6 18 2 14 6 4 7 2 12 22 20 12 14 10 19 16 6 4 6 1 30 5 60 5 7 15 21 1 2 50 20 13 4 21 13 5 18 7 6 9 9 50 5 20 12 14 1 32 4 19 36 8 5 7 16 9 18 8 2 10 4 7 7 22 6 4 5 10 9 7 9 2 9 6 11 5 4 2 17 6 15 5 7 22 8 8 3 20 11 11 26 20 4 14 9
12 14 4 6 8 27 12 8 21 5 19 11 10 3 5 14 9 11 5 3 9 19 6 8 17 10 32 5 1 38 11 41 21 8 9 14 15 14 10 19 9 4 13 13 9 0 11 22 14 1 4 4 45 34 16 9 10 23 38 10 18 5 5 41 29 19 13 0 14 8 22 17 1 11 3 27 2 10 7 3 7 0 42 51 22 6 0 42 40 43 25 17 3 23 7 19 6 8 7 11 16 14 7 3 6 16 2 0 12 14 50 5 16 4 6 38
2 6 33 3 49 16 19 20 10 6 20 15 20 34 12 12 4 20 6 1 20 2 12 2 3 4 5 10 4 6 8 28 6 3 11 4 14 11 5 34 9 28 7 26 6 2 12 10 7 2 17 11 52 25 7 1 8 16 5 3 12 4 18 14 9 8 19 1 28 9 18 20 22 12 11 18 8 7 7 3 10 2 5 5 3 2 2 10 10 9 11 6 4 9 5 18 2 9 8 11 8 15 4 5 2 9 4 5 62 48 27 13 8 5 42 42
25 9 9 13 18 22 40 15 16 23 23 14 24 28 18 11 18 29 11 18 27 16 27 22 3 9 9 26 16 13 49 49 33 7 29 16 14 9 7 16 11 12 18 17 39 4 9 15 9 12 19 16 63 36 31 8 17 45 28 12 13 6 32 7 33 34 24 6 11 7 20 28 11 12 2 17 6 22 10 24 14 14 20 20 10 13 11 23 49 33 51 7 13 8 8 13 19 21 13 10 12 17 9 5 7 70 6 13 13 45 66 45 58 25 12 30
6 14 18 22 22 7 19 18 31 9 12 19 28 46 36 21 15 19 16 17 13 14 5 9 11 11 27 21 33 28 25 38 27 10 9 30 24 38 10 49 8 34 20 36 11 10 7 33 8 10 20 10 17 18 34 10 15 33 5 6 37 12 42 19 31 27 42 3 38 16 34 71 34 11 8 17 10 24 22 13 11 10 11 13 10 18 18 13 32 13 14 17 4 16 24 22 14 38 26 19 14 38 15 16 17 38 15 5 16 23 76 48 20 14 24 83
18 30 25 52 52 62 35 27 63 26 14 23 28 16 54 18 18 18 15 15 22 18 14 18 22 16 23 25 44 26 41 40 63 15 40 15 38 28 18 49 46 18 20 30 23 16 33 51 13 12 14 23 19 44 29 12 34 56 19 20 33 56 52 52 32 32 32 9 31 20 28 25 33 12 10 27 14 45 12 20 10 15 23 29 31 32 44 30 47 32 67 17 38 21 25 19 11 37 28 32 17 34 19 11 34 25 10 8 67 18 30 53 31 8 25 33
3 4 6 9 15 7 9 7 4 7 2 8 4 1 8 5 3 6 2 4 3 4 3 3 1 4 4 2 1 2 4 7 4 2 5 4 7 8 3 4 5 4 4 7 8 0 1 31 0 0 4 3 24 22 3 0 7 67 3 9 3 5 5 13 10 7 4 1 7 5 5 1 6 4 1 5 2 1 3 4 2 0 4 2 7 2 0 2 12 6 7 2 3 30 3 3 3 6 5 3 7 4 9 0 6 3 1 1 11 26 81 32 0 1 2 57
0 7 7 5 5 3 6 6 5 1 37 13 17 33 4 1 5 1 3 0 8 1 4 0 4 1 3 0 2 6 11 32 10 0 5 1 6 2 1 3 6 2 0 14 0 1 4 4 0 0 20 9 0 6 6 2 0 6 1 6 6 2 10 0 7 1 7 2 1 8 21 50 11 3 2 1 0 5 1 0 2 0 1 1 2 1 0 1 6 8 0 2 1 0 2 1 1 7 8 4 0 8 0 2 4 1 1 2 11 1 5 8 2 0 0 7
8 10 18 12 20 17 16 7 13 5 14 19 18 19 17 20 18 58 9 9 13 14 23 15 20 13 14 12 19 31 24 15 16 19 21 19 17 15 4 24 14 8 11 20 10 5 47 51 12 12 25 23 18 16 18 6 28 74 14 21 33 30 66 27 19 8 16 5 18 6 12 17 21 19 15 49 1 14 6 12 13 9 32 24 33 18 22 38 39 16 63 12 17 22 15 16 10 24 17 13 13 17 13 12 13 29 7 1 12 44 71 74 48 5 40 30
30 10 18 35 40 21 47 12 9 21 21 16 8 14 16 17 13 21 15 24 13 31 20 25 16 6 26 10 16 32 37 15 15 15 12 16 15 22 7 19 6 7 9 20 4 6 9 59 3 8 11 4 12 20 83 2 3 26 11 5 12 13 43 10 23 12 13 6 19 13 32 47 13 15 5 16 9 27 12 24 21 10 21 8 18 13 14 23 24 11 7 4 13 7 7 7 8 8 9 22 14 30 3 16 5 9 5 3 2 9 48 53 17 5 4 64
0 0 0 0 1 0 0 0 1 0 0 0 0 0 0 0 0 0 0 1 0 0 0 0 0 0 0 0 1 0 0 0 0 0 12 1 0 0 2 0 0 0 0 0 0 0 0 0 0 0 0 0 1 0 2 1 1 7 0 0 1 0 1 0 0 0 2 0 0 0 0 0 0 0 0 0 0 1 0 0 0 0 0 0 0 0 1 0 1 1 1 0 0 1 0 0 0 0 0 0 0 1 0 0 0 0 0 0 0 0 1 0 1 0 0 8
19 16 15 21 18 22 20 13 31 16 22 35 54 49 24 36 24 34 4 13 11 16 22 15 15 13 25 10 23 27 27 35 23 12 29 13 25 21 9 45 27 17 17 53 25 16 38 72 18 21 14 14 35 17 42 24 15 72 19 46 29 13 35 22 17 36 25 16 28 49 66 76 21 35 17 12 10 27 18 19 10 14 18 24 28 19 33 23 30 30 59 25 22 43 17 32 9 38 31 12 38 61 36 11 26 43 48 8 15 17 61 24 30 13 31 40
22 34 19 29 45 38 39 36 44 10 43 21 38 37 31 21 17 47 14 14 18 23 27 14 26 18 36 14 31 31 57 38 64 27 18 14 27 29 17 45 24 33 17 41 14 6 40 41 14 3 35 12 14 29 69 4 9 22 15 23 35 41 44 16 24 28 38 9 30 16 32 40 34 21 23 39 12 57 32 16 34 7 37 32 26 20 21 47 37 34 49 21 36 28 24 53 31 39 27 47 19 51 8 4 24 33 24 5 28 18 16 52 41 10 14 20
18 7 14 8 18 24 19 11 40 21 9 24 17 43 31 14 17 45 6 19 20 14 11 8 19 11 15 17 17 17 20 28 49 14 9 14 22 18 19 18 9 10 5 14 13 8 19 34 15 6 9 8 13 18 25 10 10 22 13 30 67 36 82 27 20 25 48 17 35 22 22 49 48 22 22 30 27 29 5 6 10 9 13 18 10 9 21 15 11 38 47 26 20 18 32 64 4 32 10 12 19 45 27 7 8 24 3 6 8 15 23 13 24 12 29 43
10 10 6 15 24 16 22 10 10 12 23 20 16 8 15 21 10 47 13 8 16 9 16 5 7 8 8 9 6 25 42 20 37 17 8 22 8 11 6 34 7 15 17 14 9 2 30 40 8 5 12 5 14 19 47 6 16 86 8 5 55 26 69 25 32 12 9 7 13 7 18 20 7 17 13 27 9 2 14 9 23 4 18 6 11 8 5 8 62 14 62 17 7 51 9 16 6 32 8 15 13 21 9 7 15 20 7 3 10 6 53 18 34 5 22 39
8 34 58 26 44 15 13 17 25 31 39 24 37 21 15 9 15 37 23 18 21 9 14 5 30 14 17 17 10 34 22 26 40 27 15 8 20 20 31 53 8 18 25 39 14 9 32 49 6 8 23 23 39 26 35 7 15 56 13 27 53 43 69 25 15 23 18 4 29 9 12 51 21 14 8 12 26 28 21 11 14 2 19 25 6 20 7 37 45 26 40 14 14 54 32 36 14 29 14 24 29 44 22 9 23 8 20 3 33 38 37 27 25 5 32 35
5 8 7 8 16 7 7 11 15 8 10 12 11 11 7 6 7 14 7 6 14 4 9 6 9 11 15 10 13 3 10 19 11 7 11 11 4 5 7 15 4 6 9 14 10 4 2 14 8 6 50 10 92 31 10 8 9 57 5 3 82 2 56 5 7 11 10 4 9 10 9 8 5 8 4 11 8 8 7 6 9 7 9 11 14 8 6 19 44 7 6 8 8 19 7 28 7 6 4 5 5 12 12 5 6 11 5 6 7 15 89 94 9 5 28 24
6 9 12 10 14 10 17 9 13 3 10 20 1 30 13 17 6 36 4 8 12 10 6 6 3 4 9 1 9 7 9 5 15 4 11 1 6 8 8 19 6 20 10 11 5 1 3 24 6 3 26 0 6 14 53 1 9 44 9 13 2 7 7 12 12 14 8 2 15 14 11 15 16 21 12 54 14 20 12 6 6 2 2 4 20 4 10 5 24 8 12 12 7 9 5 9 12 9 6 7 6 6 5 4 6 42 8 9 5 8 63 71 16 5 17 39
6 13 3 12 13 7 12 12 10 9 14 23 38 27 7 15 8 23 2 3 4 3 10 3 17 5 18 15 4 16 10 20 26 2 23 5 10 13 7 12 3 6 4 43 5 2 1 5 2 1 14 4 20 20 5 1 3 21 7 5 4 7 10 10 13 7 15 4 12 15 42 37 11 16 14 7 1 4 3 3 11 2 13 6 9 2 9 15 19 5 11 11 2 6 8 15 2 3 6 5 4 30 2 1 2 25 8 3 8 0 69 77 34 6 8 18
12 20 17 13 13 7 7 4 21 21 10 29 17 43 36 28 15 7 13 33 8 12 15 13 16 3 5 11 13 2 4 29 58 3 19 13 29 27 16 25 17 14 25 56 12 4 31 27 2 8 15 12 13 23 17 9 3 13 11 18 20 17 10 14 7 6 27 13 36 27 37 33 11 14 6 4 20 55 16 10 8 3 19 13 5 39 11 9 4 27 21 8 2 6 21 24 7 17 16 9 13 88 11 9 8 10 2 9 12 11 13 14 11 4 5 9
9 60 19 66 48 20 31 20 57 31 29 35 32 17 39 54 61 15 9 24 13 31 37 34 37 26 30 27 26 25 45 74 36 44 20 17 62 41 12 65 56 18 23 38 35 19 28 17 20 16 29 16 27 23 19 21 14 55 9 30 29 54 22 27 17 16 69 35 27 29 28 19 47 35 33 26 16 12 18 25 23 23 35 37 36 29 16 33 61 78 24 22 16 22 42 26 6 63 55 36 23 24 27 24 35 11 13 16 57 27 32 19 13 13 32 36
9 13 10 18 9 53 14 24 18 12 29 33 28 33 15 5 15 51 11 13 14 18 31 12 9 5 7 7 24 8 13 21 42 5 8 11 17 12 6 20 12 15 8 47 24 8 19 76 21 9 17 16 70 66 33 21 15 35 13 7 6 17 19 30 28 11 25 5 20 31 17 33 20 6 10 72 9 22 13 12 29 8 29 13 7 14 13 11 26 24 30 2 8 12 10 9 7 16 13 21 12 29 11 3 12 11 22 9 15 8 87 69 21 8 23 57
13 4 0 6 2 9 7 11 9 14 43 5 21 7 6 7 14 9 4 9 7 9 30 7 23 12 12 8 14 8 5 10 9 6 24 8 7 7 7 7 11 2 10 9 7 3 5 80 13 8 12 9 7 2 28 2 10 60 12 10 6 6 1 9 3 6 5 7 24 6 9 6 4 2 7 2 1 70 56 13 6 0 12 19 12 6 17 10 7 13 7 6 7 5 5 2 3 15 6 11 11 7 10 3 4 29 57 4 3 1 65 73 21 6 4 52
21 3 26 33 27 18 23 1 38 35 14 5 11 11 51 8 12 30 7 7 23 11 13 12 16 4 14 8 22 13 8 78 32 14 11 14 24 15 6 9 8 3 4 14 5 4 11 13 9 7 28 10 7 42 23 14 5 39 8 3 5 11 46 5 21 23 18 1 4 8 12 12 18 16 3 31 13 6 3 10 13 8 16 6 9 11 15 10 10 16 18 15 3 32 6 47 17 10 7 6 6 11 5 3 11 40 5 5 13 12 53 51 17 7 13 28
0 10 10 7 11 19 29 23 7 1 51 14 30 31 6 20 9 15 2 0 11 6 15 9 25 15 9 11 16 24 20 15 20 17 18 6 9 4 2 17 12 12 11 21 12 4 5 21 2 3 5 3 7 19 22 1 1 13 5 7 8 8 35 29 23 16 7 0 21 14 27 43 8 24 5 6 5 5 8 6 13 1 12 6 9 5 13 13 21 16 10 5 9 22 4 6 2 4 8 23 7 29 7 2 5 4 1 0 12 10 60 14 21 1 2 15
9 5 40 16 41 24 12 15 20 20 15 24 16 46 22 36 13 27 7 0 35 27 29 28 35 1 1 8 29 7 14 28 13 0 12 18 24 24 18 24 18 17 12 18 3 12 11 19 6 9 42 33 31 36 9 2 21 17 12 22 31 17 24 24 27 23 26 10 8 12 14 32 31 44 11 22 3 7 30 27 38 13 48 38 51 13 23 3 14 33 7 1 4 22 29 21 15 13 21 11 9 27 6 7 0 6 16 10 1 24 31 34 8 17 15 31
12 32 25 11 16 60 36 17 13 24 9 43 33 19 17 12 18 15 6 19 9 17 23 13 24 8 35 27 16 8 26 26 34 17 14 12 15 13 11 13 12 6 16 48 23 7 7 69 21 7 21 18 66 76 16 6 28 104 7 17 33 24 25 21 16 11 11 12 12 13 29 18 15 15 19 27 5 23 16 17 17 19 18 22 33 16 11 18 29 24 15 17 12 29 10 8 10 6 12 18 9 45 11 6 9 19 13 12 13 19 96 71 45 7 45 87
16 18 16 20 28 17 41 29 5 13 25 25 28 20 13 28 13 31 12 28 25 12 5 9 12 4 9 9 15 15 24 36 17 9 12 13 13 10 9 14 9 56 7 46 9 6 11 38 10 12 45 17 48 29 85 6 34 31 9 14 11 13 8 21 9 15 20 6 21 16 15 20 13 27 9 11 23 33 8 8 9 9 14 6 33 8 10 9 13 11 12 8 6 64 10 23 33 8 11 18 5 33 7 5 4 70 24 9 12 13 69 33 67 27 29 23
1 1 2 1 3 2 2 2 1 1 1 1 2 1 1 0 1 3 1 1 2 1 1 1 1 1 1 1 1 1 1 1 2 1 1 3 2 3 1 2 1 1 1 2 1 1 2 105 0 1 3 1 2 5 5 0 2 1 1 1 1 1 2 1 1 1 2 1 1 1 1 1 1 1 1 0 1 1 1 1 1 1 1 1 1 1 1 1 1 1 1 1 1 2 1 1 1 6 1 1 1 1 1 1 1 1 0 1 1 2 3 16 2 1 3 4
8 5 8 8 13 10 9 3 29 6 43 6 8 23 13 10 3 7 17 6 19 6 5 6 7 3 11 5 12 7 16 9 8 5 11 14 22 48 19 16 6 3 3 4 3 3 12 23 3 6 19 11 49 21 8 6 7 20 9 3 4 6 7 10 8 2 22 6 56 8 15 26 11 7 2 17 26 3 40 10 12 2 13 17 14 9 6 10 12 20 7 3 3 59 15 9 20 33 9 5 5 12 12 4 12 14 4 6 33 23 40 83 13 4 6 34
22 8 22 15 37 28 26 15 15 16 18 14 15 32 19 19 15 28 7 8 14 21 7 19 42 14 34 7 6 23 66 39 19 20 8 10 17 11 6 22 18 12 13 21 8 6 27 8 6 7 39 9 40 41 28 1 17 48 10 13 36 12 40 16 13 17 16 7 29 16 17 24 10 20 7 11 3 5 4 15 6 6 33 37 27 8 8 40 48 20 45 10 4 17 16 15 7 8 9 5 13 12 7 11 14 23 3 3 21 15 38 70 53 8 21 61
1 0 1 2 1 3 2 4 2 1 4 3 1 2 5 5 0 20 0 0 1 1 1 0 5 0 0 0 2 1 2 6 2 0 0 1 1 13 1 18 1 1 1 1 0 0 5 0 0 0 8 0 1 8 15 0 1 38 2 1 6 1 0 1 1 1 6 0 1 0 1 3 3 2 1 2 0 0 1 1 0 0 2 1 1 0 1 1 2 2 1 1 0 7 4 6 0 5 2 1 1 3 0 2 2 0 0 0 1 0 7 3 0 2 0 0
27 16 14 21 14 32 24 16 45 27 38 11 12 6 32 19 26 30 32 19 10 16 15 15 11 14 15 16 24 10 17 36 18 12 34 19 13 12 7 40 21 16 12 12 10 22 28 37 15 11 58 59 70 73 28 9 57 80 29 15 9 17 14 25 24 15 34 26 37 5 16 14 17 22 26 31 22 57 15 12 12 7 13 12 17 21 25 15 23 28 31 14 16 26 15 9 38 18 13 18 16 8 9 15 48 10 25 8 46 72 87 54 43 3 56 52
2 17 39 14 28 8 10 10 14 6 13 16 42 39 21 14 8 36 12 19 41 11 17 8 15 10 13 19 6 19 28 11 16 16 12 7 14 9 7 16 13 22 11 39 23 4 29 17 8 4 56 18 53 30 46 5 8 37 11 8 37 15 24 8 10 9 15 5 55 9 18 20 11 16 10 13 11 24 18 7 14 4 12 7 6 6 11 11 17 12 14 5 8 7 9 33 5 8 6 13 11 22 10 2 15 29 4 1 42 32 96 56 22 2 3 81
0 5 6 6 14 1 6 1 4 5 1 10 7 25 2 4 2 3 1 3 5 4 3 0 4 1 2 0 14 4 2 8 0 2 5 0 2 1 2 3 11 12 3 25 2 1 4 5 0 0 4 2 5 0 8 0 0 8 0 9 17 6 4 2 2 2 6 1 11 0 18 40 4 2 2 1 0 2 3 3 2 0 1 10 10 0 0 4 3 5 2 0 1 0 4 2 0 6 1 2 1 21 0 2 5 4 0 0 7 0 5 7 18 1 0 7
2 24 28 6 23 29 33 55 10 16 21 28 32 39 18 28 16 24 11 17 18 5 9 10 20 7 5 5 6 1 7 28 12 4 6 14 24 32 15 31 21 22 4 39 6 3 0 11 5 6 9 11 44 2 6 3 1 13 7 17 41 9 11 19 8 38 20 7 23 12 20 53 17 20 3 11 11 11 11 6 3 4 16 11 4 6 13 2 9 20 15 0 1 14 15 19 21 31 21 10 9 15 5 1 7 14 5 1 13 8 46 39 20 1 12 1
7 4 4 6 3 8 6 8 10 7 3 7 14 4 21 11 6 30 2 2 3 7 9 3 8 6 8 2 9 3 7 17 8 4 4 10 21 16 3 8 8 98 7 92 5 2 3 32 2 3 4 5 22 5 20 3 4 44 8 6 16 6 20 7 10 9 37 4 4 7 9 5 20 9 7 6 2 33 6 5 8 2 7 8 7 3 5 5 10 10 5 4 5 8 9 7 3 9 6 8 5 8 4 3 6 1 4 2 4 9 85 36 2 2 17 39
19 6 10 9 27 30 16 11 23 16 28 11 24 42 8 1 17 30 23 5 19 9 11 12 12 7 6 2 24 23 18 16 10 5 14 36 13 13 11 35 18 4 8 10 17 10 21 12 4 1 20 3 17 19 17 2 30 56 13 6 43 6 28 17 12 14 21 11 17 5 28 38 8 8 8 15 5 2 3 12 6 5 12 18 23 1 23 8 32 17 26 5 11 58 9 19 7 16 20 3 7 37 12 24 15 8 6 4 3 8 43 20 8 0 11 36
5 31 16 19 31 18 16 14 11 8 5 27 14 12 16 27 20 10 8 7 9 14 12 20 23 12 14 1 13 16 22 18 21 15 20 13 16 18 7 19 8 8 16 5 13 2 10 25 9 9 13 11 11 3 52 5 8 79 18 11 45 24 37 17 18 12 50 4 11 13 20 17 28 12 7 6 8 8 2 12 10 7 30 36 31 13 51 38 40 56 13 9 17 35 19 10 4 43 10 10 16 14 1 6 7 43 17 4 7 11 33 62 29 5 8 46
32 13 22 11 14 29 28 12 39 13 12 7 6 24 15 7 36 20 14 22 14 13 17 9 12 9 21 7 35 28 40 47 6 1 57 6 9 18 10 27 22 11 5 26 26 9 7 17 16 6 9 6 37 75 55 6 16 28 8 11 19 12 36 12 12 12 31 12 13 9 8 13 18 8 15 33 6 12 8 12 8 6 14 10 16 9 5 9 22 48 23 5 8 12 14 5 7 29 20 11 7 32 7 9 19 41 12 4 57 20 62 25 19 20 17 39
2 4 11 4 11 3 4 4 43 4 8 13 4 8 21 9 16 10 4 4 19 3 10 2 1 6 1 2 16 1 3 40 16 5 56 13 37 3 2 39 11 4 9 5 8 2 5 17 6 2 6 7 13 27 20 6 10 19 9 7 13 9 10 41 15 11 77 4 15 11 18 11 17 15 0 15 3 17 0 3 13 4 2 1 3 2 9 1 10 22 15 12 11 29 2 4 2 31 18 4 6 25 3 5 7 17 6 3 5 11 20 18 10 8 7 30
12 1 3 1 4 2 2 0 9 14 3 22 9 11 2 2 22 56 0 7 7 4 9 3 3 4 5 3 24 1 4 24 38 10 27 5 11 7 4 8 6 1 4 58 5 1 8 2 3 3 18 18 30 56 7 0 8 23 9 13 15 6 17 15 10 5 10 12 5 22 7 8 8 3 6 26 2 0 20 5 6 2 3 2 6 5 11 6 25 27 49 1 4 24 4 8 8 21 6 3 4 14 1 3 10 5 5 4 23 21 21 29 7 2 20 18
8 10 27 12 35 10 19 26 16 45 19 24 36 28 13 18 28 20 9 12 9 13 19 7 12 7 11 10 18 15 23 30 31 18 22 10 9 18 13 19 13 17 17 23 13 18 23 58 13 9 59 55 36 77 52 9 31 35 29 30 64 16 65 45 45 32 27 20 26 27 23 35 12 18 14 26 12 11 11 15 20 10 6 4 6 9 20 13 52 30 37 18 12 23 18 5 8 26 16 14 20 15 6 19 20 41 34 10 44 52 46 84 11 14 26 55
18 8 7 10 10 25 22 22 20 14 42 14 42 23 12 17 4 9 10 6 19 18 22 15 21 12 6 8 11 31 51 68 18 22 14 10 27 25 6 20 5 14 9 21 12 5 8 83 12 10 23 8 36 16 37 18 12 24 17 12 8 57 56 18 29 11 36 4 61 18 16 17 25 33 22 12 11 7 21 11 23 10 20 14 12 15 4 64 38 58 19 30 2 44 15 9 9 18 13 20 13 18 6 10 10 18 8 11 22 13 66 13 16 14 29 20
1 1 2 2 1 1 0 1 1 2 5 2 3 7 0 1 1 15 0 1 0 4 3 1 1 1 0 0 11 0 2 2 3 0 2 0 1 2 1 2 1 0 0 0 0 0 1 3 1 1 0 0 1 8 1 0 1 9 1 1 9 3 18 4 1 1 2 1 10 1 4 6 0 2 1 3 0 0 1 4 3 0 4 2 3 1 11 0 1 3 3 1 3 32 2 1 1 1 1 0 1 6 0 0 1 8 0 1 0 0 30 38 0 1 2 10
8 9 48 10 49 28 32 56 34 5 25 25 9 17 37 9 22 28 10 14 7 16 9 15 22 14 12 11 7 4 9 43 27 8 37 9 23 35 9 35 22 18 9 10 10 10 17 21 5 7 9 11 91 31 20 11 16 88 10 13 23 13 48 23 14 22 21 7 46 18 27 51 9 11 11 18 10 26 9 15 13 14 21 25 26 16 11 11 11 19 27 4 23 46 9 14 4 11 12 6 6 11 15 3 10 31 5 6 9 33 91 42 48 6 15 50
7 17 22 23 33 32 32 10 10 1 20 21 21 18 18 20 12 54 9 16 16 16 29 22 20 8 11 20 4 27 36 22 25 22 28 23 11 17 10 17 8 11 9 22 8 7 15 11 12 12 53 25 50 28 29 28 17 38 13 21 42 40 39 46 28 20 19 1 24 19 31 16 13 25 7 52 16 15 4 26 41 24 19 9 32 15 12 20 41 24 54 16 7 26 10 24 26 15 8 12 9 2 20 12 5 21 3 8 18 23 65 46 29 23 31 26
5 6 13 12 12 5 6 2 11 6 11 14 8 2 10 11 11 49 10 11 10 7 5 7 1 7 9 6 11 20 24 14 10 4 15 6 10 7 7 13 12 10 10 23 5 3 1 79 4 6 35 4 19 63 37 6 0 42 7 8 8 11 14 10 14 7 11 4 12 10 14 10 10 12 8 11 6 11 9 6 6 5 13 13 33 11 5 37 39 13 10 2 6 12 11 14 5 12 14 9 12 38 7 2 2 11 52 2 5 7 57 59 48 1 4 79
6 8 5 9 12 8 16 11 35 7 16 49 45 23 18 16 7 20 3 7 10 45 12 16 17 3 8 6 16 21 22 31 24 9 4 4 9 13 0 17 10 10 13 29 14 6 8 20 5 3 20 7 12 50 76 9 13 41 12 9 6 8 9 11 16 6 38 1 23 16 34 13 10 13 6 25 4 3 8 31 11 13 8 10 8 6 3 27 12 22 10 8 1 5 3 5 3 47 17 7 3 14 5 2 10 33 23 0 16 7 69 17 31 6 22 46
14 24 13 5 12 19 26 30 41 21 8 48 28 20 18 34 9 24 9 9 1 16 11 17 13 10 13 7 10 14 10 17 43 16 12 17 18 33 9 33 22 3 14 32 20 4 8 9 3 5 6 1 4 49 26 1 6 20 11 14 17 17 24 7 5 5 24 4 14 26 35 32 8 24 6 23 4 10 8 15 14 8 15 13 10 11 9 22 14 15 21 18 3 13 12 24 7 10 19 4 7 18 7 0 11 16 1 2 11 47 76 37 41 4 19 27
10 9 7 13 20 18 21 22 17 17 29 26 36 29 16 24 9 45 4 16 9 17 25 10 6 6 7 6 5 7 21 24 13 8 12 4 18 6 6 17 5 12 16 38 8 4 7 33 17 14 14 21 60 67 27 7 6 39 8 37 12 19 30 28 27 28 27 11 32 22 30 43 19 18 12 11 10 18 6 18 18 6 25 11 38 8 5 13 28 27 19 7 4 3 3 7 1 35 23 6 8 23 7 3 2 50 13 6 9 25 84 31 37 15 17 81
9 1 1 19 14 9 2 8 4 8 6 1 23 17 7 6 9 34 10 4 6 2 23 6 2 1 5 4 13 3 8 11 11 0 21 3 6 32 8 7 2 3 2 10 3 1 2 38 7 2 12 5 4 11 24 3 9 8 7 3 9 21 43 12 11 4 18 2 9 2 9 13 13 6 4 31 2 12 13 1 31 1 15 6 11 20 12 8 14 13 33 7 5 15 20 6 1 13 9 7 10 9 4 2 2 5 10 2 10 8 64 38 13 11 12 32
4 9 14 6 26 32 34 31 23 18 12 49 43 51 22 21 11 28 12 3 9 29 39 27 36 22 20 4 10 7 14 34 7 5 17 33 38 40 15 15 21 22 14 27 23 5 20 46 2 4 10 24 35 37 52 14 32 77 12 34 42 22 32 32 44 25 37 11 10 38 48 38 30 27 2 22 4 11 17 21 33 16 27 22 38 5 11 12 15 35 33 10 5 44 25 26 3 29 22 16 5 18 10 7 7 9 15 11 20 25 49 43 19 33 40 40
1 5 8 0 19 7 21 12 10 1 11 13 18 20 24 10 12 7 4 10 11 3 19 3 19 11 9 5 3 4 3 63 12 6 0 8 16 23 3 27 20 9 4 7 4 3 7 8 8 2 17 6 14 19 6 2 12 10 1 3 23 0 24 19 19 3 38 3 14 3 5 3 20 1 1 11 2 16 2 3 5 2 25 17 6 5 0 0 6 56 3 3 0 9 18 20 1 30 6 29 2 0 3 3 10 24 5 6 9 15 31 22 6 2 7 23
2 3 1 4 1 3 4 3 4 2 9 5 7 8 3 6 4 4 1 1 1 3 2 3 2 1 1 3 3 3 5 4 1 3 2 4 4 4 5 3 2 2 2 5 1 1 1 36 1 1 5 1 4 0 3 1 1 40 4 1 1 3 11 4 11 4 8 1 1 1 1 3 3 3 4 1 1 1 3 2 1 1 4 2 3 1 3 5 8 4 4 1 2 4 4 2 1 6 3 1 3 12 2 1 0 1 1 1 1 4 50 106 4 1 1 5
22 12 40 9 15 12 15 8 24 22 9 9 47 17 13 7 17 30 9 6 14 18 22 17 17 16 14 11 21 10 17 24 21 11 19 9 11 20 6 41 16 20 9 16 13 9 32 57 3 11 44 17 38 52 80 4 5 84 23 15 37 14 52 19 14 8 33 14 10 10 10 14 14 7 12 36 5 14 25 16 17 13 17 16 18 12 27 13 18 35 20 10 15 49 8 44 43 23 16 14 8 23 8 6 11 49 10 4 9 7 71 59 56 3 15 63
2 4 58 4 78 4 9 5 6 4 4 9 10 33 6 8 4 7 5 6 34 9 9 5 4 4 6 5 4 4 6 5 7 3 5 2 7 7 7 12 8 4 5 5 4 5 4 22 5 2 11 6 17 62 3 3 5 60 4 4 9 3 14 6 7 5 18 3 5 4 8 9 6 5 3 4 3 9 5 8 6 8 6 4 7 6 3 5 5 5 9 4 6 5 7 7 6 7 6 5 8 8 2 3 1 6 5 4 10 10 100 45 7 7 8 7
8 24 21 16 39 18 8 8 16 6 13 25 9 24 11 7 3 30 5 6 2 4 12 7 9 6 5 6 9 10 27 24 4 3 3 6 6 6 9 15 13 3 17 13 40 4 13 24 7 6 30 17 26 0 38 2 8 67 5 14 13 10 19 8 5 7 19 4 7 13 22 12 7 8 3 14 1 8 3 3 7 2 12 7 6 4 7 17 24 22 6 9 1 6 5 4 4 2 8 6 9 7 10 5 12 43 10 5 14 23 73 4 49 7 7 44
9 12 11 16 10 17 22 11 14 21 24 7 5 19 23 9 13 35 5 4 16 3 10 9 6 6 8 4 4 6 18 27 12 5 7 7 16 9 8 19 11 8 6 21 5 5 13 76 9 2 33 4 4 7 81 1 12 80 7 6 26 15 25 13 15 7 28 7 36 6 6 28 14 11 13 24 2 20 2 4 16 3 10 6 15 6 7 4 15 17 16 6 5 14 5 16 5 23 12 6 8 28 6 5 11 61 13 0 4 4 55 61 53 9 9 16
2 18 13 16 24 14 5 4 35 17 14 17 14 16 19 6 6 3 3 2 7 5 3 4 8 6 5 2 1 12 4 23 4 4 3 11 15 5 3 32 20 7 9 19 10 2 4 22 2 3 7 4 15 15 15 2 4 96 2 3 3 3 9 4 6 12 25 3 17 5 4 12 24 5 4 3 2 15 9 2 6 3 4 4 7 7 3 13 18 16 5 3 2 3 3 4 3 23 24 18 5 29 6 17 18 11 1 2 8 6 45 81 10 3 2 2
9 22 16 26 56 11 41 19 57 13 14 33 24 18 58 30 23 31 10 7 7 39 22 32 17 26 24 20 4 19 45 67 26 15 7 19 43 30 11 22 41 4 16 26 21 13 20 32 14 18 34 4 20 4 70 6 22 43 14 24 11 14 35 62 52 25 64 24 17 27 24 22 36 25 12 8 18 27 16 24 24 15 18 22 32 20 6 18 57 70 27 12 10 17 20 31 11 11 30 29 14 23 23 8 13 49 7 7 51 16 36 23 41 10 7 64
14 13 21 23 22 14 14 11 35 10 44 11 5 23 10 15 7 21 2 18 7 20 26 18 13 6 8 4 33 8 9 26 10 6 30 20 8 6 10 26 24 15 5 33 7 7 18 51 7 4 17 17 17 69 46 0 28 33 11 5 15 23 31 11 12 6 25 7 38 9 8 34 15 23 11 19 2 5 1 10 21 1 18 12 14 11 37 5 12 24 23 2 19 24 4 24 14 28 23 9 9 19 4 15 13 48 19 9 13 17 40 57 26 4 29 97
24 20 26 34 48 19 32 11 40 12 20 41 36 45 30 5 16 24 14 27 14 7 7 8 14 16 25 21 28 29 29 30 45 16 20 21 26 24 17 36 22 10 23 47 27 8 7 58 7 3 79 29 21 19 31 7 15 50 20 31 20 23 27 26 37 27 59 26 41 34 36 38 26 10 13 15 12 45 9 6 8 3 15 25 18 7 16 18 24 26 16 10 10 40 19 18 5 38 37 18 17 40 19 6 26 25 11 3 6 13 65 37 7 5 9 29
8 12 12 14 11 28 30 35 17 13 34 23 25 20 35 16 15 33 17 8 39 23 22 15 15 21 21 7 15 10 8 22 27 24 22 47 28 42 14 42 16 16 15 52 20 8 15 29 6 8 45 38 39 10 53 8 54 85 14 16 18 33 9 24 46 29 33 3 56 17 27 23 32 17 10 26 22 45 32 17 23 8 22 16 14 7 15 12 15 23 16 19 14 32 50 44 24 23 20 18 11 19 12 8 12 37 12 5 7 13 70 22 44 9 55 47
4 3 2 4 5 5 4 7 9 4 7 8 15 8 7 7 5 3 5 6 5 3 5 5 1 3 5 2 4 2 8 10 12 2 5 6 10 7 5 5 4 2 10 15 3 1 0 53 0 1 4 0 30 32 8 0 10 6 2 3 5 3 5 4 11 6 6 2 8 3 14 5 7 7 3 3 2 3 4 2 2 1 3 2 5 2 4 2 3 7 2 2 4 3 5 6 3 6 6 3 10 10 2 1 0 0 14 0 2 10 78 49 10 1 1 89
7 7 41 26 60 23 12 33 12 14 13 16 23 23 44 8 7 48 9 3 11 5 11 16 11 5 13 11 11 10 26 33 26 11 28 29 27 17 15 42 20 46 12 45 10 11 23 14 2 13 17 8 17 23 45 8 19 37 9 16 25 16 33 32 14 20 17 4 36 17 21 27 35 18 6 16 9 12 8 5 13 4 10 9 28 5 19 20 25 31 26 12 14 23 7 15 7 35 7 26 14 34 9 9 11 84 10 6 25 5 29 59 44 13 6 27
2 11 21 12 11 17 12 40 14 8 15 30 40 50 14 15 4 57 9 3 7 23 23 27 33 6 21 10 3 12 6 16 29 7 14 8 14 11 11 4 8 8 14 12 7 5 7 5 14 11 10 3 13 45 33 4 18 60 3 30 30 18 15 19 14 24 24 2 27 23 29 48 17 10 1 10 19 2 10 19 19 17 29 32 21 20 1 11 8 8 9 14 3 15 18 17 4 17 8 6 5 14 3 4 1 2 1 6 7 10 26 10 19 1 10 15
6 26 17 15 1 21 31 24 12 32 52 30 14 39 28 11 8 28 8 23 55 20 16 16 40 19 57 18 7 30 28 56 27 7 12 18 25 23 8 14 10 39 26 10 26 5 6 19 5 4 21 13 26 9 58 5 5 34 5 11 8 6 17 4 9 9 22 4 24 7 27 45 25 12 13 17 4 13 10 7 18 11 23 28 27 23 6 18 9 31 24 18 3 25 8 19 10 5 17 8 16 32 12 5 16 8 4 2 20 25 52 20 5 16 13 7
9 2 23 12 23 29 21 14 21 7 5 24 19 27 13 5 3 6 2 8 7 29 14 26 20 3 12 7 11 9 14 16 45 0 16 6 7 5 1 21 9 24 29 50 15 4 2 22 2 4 12 4 10 38 31 0 12 38 11 0 7 4 15 7 13 5 10 2 8 6 17 11 14 2 2 5 6 2 6 22 7 12 19 13 15 9 12 9 14 12 11 5 4 2 7 2 1 6 16 2 10 23 4 2 5 17 8 0 3 4 11 39 27 2 2 52
16 25 48 33 42 23 24 30 51 13 33 36 39 48 32 19 40 70 6 34 19 25 47 19 35 13 16 27 36 39 42 77 37 49 20 32 35 26 16 42 34 21 19 48 21 8 14 7 15 15 23 11 28 10 24 11 24 32 9 11 37 28 40 15 23 22 47 18 26 30 42 51 36 11 16 44 13 24 23 39 39 16 39 24 19 16 45 56 44 61 21 39 21 24 32 17 9 45 30 26 8 23 12 10 24 22 11 10 24 21 32 22 18 12 34 34
19 13 7 18 6 24 19 16 31 21 12 22 30 31 31 13 27 29 20 27 16 7 7 13 4 10 4 2 57 16 24 50 34 2 76 3 31 24 10 37 31 17 16 41 12 6 16 28 18 4 7 5 42 6 18 13 8 23 27 22 21 29 32 29 28 23 48 9 31 17 34 23 34 9 11 22 17 23 5 14 22 6 17 5 26 47 74 26 39 46 29 22 38 17 19 13 24 35 21 23 20 36 9 7 15 22 37 11 5 23 53 42 52 7 28 30
8 11 10 6 20 26 17 19 32 26 21 24 18 38 13 11 18 52 9 6 9 10 7 5 11 11 17 9 17 15 28 66 21 17 11 7 29 29 25 32 16 9 8 80 13 5 4 14 9 6 7 5 26 5 8 10 14 67 8 9 17 7 24 12 11 12 37 13 31 15 18 31 19 15 14 19 5 9 9 5 8 4 7 13 10 6 13 13 13 45 36 14 5 3 10 8 6 14 8 9 8 15 14 6 12 69 5 6 8 8 61 6 7 13 13 73
8 14 20 10 25 10 12 13 60 24 19 19 17 20 37 9 21 27 4 6 8 8 14 6 9 13 4 6 15 25 13 59 22 9 28 5 21 6 6 23 42 5 34 15 17 2 10 10 4 2 5 0 24 3 45 3 8 43 8 1 15 1 17 4 13 14 57 2 14 11 16 21 25 8 0 19 1 11 7 4 15 2 8 8 3 4 39 38 25 38 16 16 4 9 6 7 3 58 33 3 10 29 1 6 14 10 3 0 4 14 36 23 23 2 6 28
6 2 22 1 69 3 14 12 9 1 10 5 3 9 8 1 3 8 2 1 1 1 3 2 3 1 3 2 3 0 5 15 5 2 2 5 10 6 6 2 5 4 2 10 5 1 2 16 0 3 2 7 12 7 5 0 3 8 8 1 9 2 0 8 6 5 32 1 21 2 6 16 9 2 1 15 2 2 1 0 1 1 1 2 3 6 2 2 11 14 9 3 0 13 4 4 1 6 11 6 4 6 1 1 1 9 2 1 1 24 42 4 2 1 1 23
10 3 3 20 7 15 24 4 22 8 1 3 11 4 30 12 3 10 2 3 8 26 22 20 25 10 15 3 37 15 9 37 9 4 25 14 29 17 19 67 9 3 14 3 3 4 4 10 2 4 14 2 21 21 25 4 14 38 15 4 6 24 13 10 7 12 16 7 2 5 11 1 21 19 15 16 3 1 8 23 8 17 25 30 48 6 32 8 7 23 4 2 12 25 17 17 21 14 14 3 7 9 9 3 9 30 12 2 13 3 89 56 6 7 15 25
5 8 15 3 19 19 22 11 28 14 11 14 12 16 17 9 22 30 5 6 12 18 33 18 13 7 11 8 31 8 52 81 22 17 9 14 23 13 8 15 25 9 10 13 11 11 8 18 5 4 13 16 50 35 36 7 21 54 9 15 10 10 30 20 21 8 71 6 16 14 11 8 30 8 6 10 4 14 15 12 7 10 23 11 14 8 22 24 49 75 13 10 4 17 14 16 3 15 30 10 8 11 7 6 10 39 16 2 8 26 56 90 13 8 13 51
11 14 15 32 34 13 23 18 13 19 8 19 35 21 14 13 10 74 18 9 16 21 18 7 7 11 16 5 9 26 30 17 40 16 11 6 14 7 10 18 9 6 10 31 7 4 14 83 17 3 13 4 4 10 64 16 6 49 5 10 36 32 40 16 21 15 18 4 24 11 32 28 13 13 6 52 9 28 23 21 28 6 14 13 18 10 9 32 45 27 35 17 8 12 7 8 1 7 9 15 16 21 9 5 5 10 50 4 18 5 66 34 8 6 9 20
6 7 21 24 25 19 38 24 19 12 25 50 49 57 19 26 10 53 6 27 21 9 16 11 11 28 11 13 5 18 26 30 31 11 24 9 23 25 10 35 12 11 23 75 19 16 12 36 27 11 20 15 10 54 14 40 14 59 14 26 30 26 28 23 21 24 17 17 29 34 47 51 21 16 18 24 15 22 5 11 14 8 15 14 18 11 6 18 24 8 31 34 9 31 16 33 8 56 16 10 10 52 17 12 10 13 7 4 22 43 71 71 11 5 24 21
20 12 10 17 22 27 44 40 26 15 7 51 30 14 22 11 9 16 4 37 19 9 9 15 23 2 33 5 13 6 18 38 48 11 26 4 14 6 5 20 10 12 17 55 36 6 5 37 5 9 16 12 14 26 44 4 11 30 24 5 20 14 23 10 6 13 36 5 21 19 25 12 16 4 4 33 6 18 24 8 8 5 16 27 36 9 13 23 17 25 32 15 5 9 6 2 6 23 17 14 9 21 17 0 7 6 11 1 4 14 15 48 2 3 19 44
4 4 5 5 15 6 6 8 11 4 8 31 19 3 6 17 9 20 5 5 8 2 1 4 2 4 4 4 9 2 5 12 8 1 2 5 7 8 2 7 6 4 6 3 5 3 10 16 4 3 9 3 45 58 4 2 1 75 3 7 6 4 6 5 5 5 10 4 11 6 9 16 8 6 4 2 2 8 7 4 1 2 4 5 8 5 11 4 4 12 7 2 0 18 9 6 4 5 8 8 6 8 6 2 3 7 0 2 3 0 92 6 2 3 0 84
26 21 11 14 14 29 28 20 26 23 17 17 52 34 21 16 24 34 8 11 15 4 17 4 32 10 23 9 49 18 36 29 37 7 21 9 25 16 12 29 21 18 16 19 10 10 32 44 21 12 21 6 72 51 43 31 42 75 22 16 29 27 27 24 27 21 30 8 40 16 51 20 16 18 3 46 10 24 16 12 10 6 19 22 23 12 36 10 48 33 35 27 15 32 14 5 16 22 17 14 16 19 10 8 10 49 23 14 16 40 74 35 42 39 9 73
9 15 30 27 49 47 38 29 32 11 19 40 25 22 38 28 16 22 16 9 26 24 20 41 46 26 34 16 10 34 20 29 30 8 17 38 44 28 13 55 31 31 17 45 9 18 10 18 13 13 13 5 26 27 12 7 38 59 14 10 33 17 40 18 19 11 39 27 30 19 28 33 38 12 8 21 15 26 22 17 22 13 19 51 61 35 16 23 34 12 25 30 4 57 31 15 7 15 48 36 23 17 14 10 13 22 13 10 10 12 61 77 19 17 27 41
14 10 21 20 22 38 25 28 42 15 31 21 26 21 23 21 32 44 11 9 26 31 45 25 24 14 10 10 45 10 28 57 19 14 50 11 24 19 10 33 35 22 18 33 16 11 17 16 10 11 27 6 71 42 39 23 35 56 41 14 32 22 25 39 41 18 38 17 33 20 28 32 25 21 13 37 8 12 14 18 25 13 24 16 34 15 57 35 37 60 29 20 36 29 16 16 12 27 39 13 14 25 5 14 19 53 55 9 18 42 90 91 34 20 22 33
8 4 7 1 3 4 4 5 8 9 9 6 6 9 8 6 7 11 2 3 13 15 7 12 7 4 5 6 4 18 11 9 8 5 10 39 19 20 5 6 4 12 5 16 5 2 5 2 0 1 12 4 4 4 4 2 5 34 6 6 8 4 7 6 6 6 15 6 42 6 11 11 8 4 3 4 2 1 7 12 11 2 23 10 14 6 5 36 41 13 7 6 5 60 30 48 2 5 3 5 8 11 7 2 1 3 3 4 4 4 47 58 5 3 7 44
23 26 29 15 25 33 32 21 49 23 24 34 42 41 31 28 30 50 23 42 27 48 25 33 18 32 47 42 30 35 32 44 35 20 39 35 41 36 31 59 40 12 30 24 25 11 18 32 45 4 42 17 50 50 36 25 41 57 35 19 49 25 65 41 29 9 50 30 44 29 47 45 44 33 24 34 21 54 13 46 48 35 39 32 48 19 26 42 46 50 32 37 32 50 32 34 20 60 31 21 24 39 36 11 20 19 47 14 30 33 70 60 29 15 32 58
0 0 3 0 0 0 2 1 6 1 6 0 0 6 11 0 1 2 1 1 1 2 7 3 0 0 3 0 2 1 0 8 1 0 4 0 3 5 2 5 5 2 2 3 0 0 0 17 0 3 0 0 5 12 19 2 0 33 5 1 2 2 10 17 10 5 11 2 1 1 0 2 9 0 2 4 0 0 0 1 2 0 1 0 2 4 5 0 3 4 4 0 3 0 1 0 1 10 10 3 5 1 0 1 0 0 2 0 0 0 31 7 25 0 1 18
5 7 2 4 4 12 9 4 20 14 4 12 9 6 35 3 4 24 1 7 4 10 5 12 4 6 9 8 15 3 7 34 9 6 16 37 30 71 22 12 15 10 8 8 7 4 7 13 4 3 21 6 32 21 14 9 0 20 15 4 5 9 3 23 28 2 49 6 6 4 12 9 33 1 5 17 1 1 5 11 6 9 8 5 6 7 18 3 19 16 8 5 22 17 72 10 10 5 12 9 9 5 7 5 4 6 5 1 7 4 61 11 6 3 7 27
3 3 6 4 12 4 4 7 6 2 5 10 8 9 10 2 2 11 4 6 6 2 2 4 6 4 5 5 3 3 5 8 11 3 6 12 5 3 2 11 2 4 4 20 4 2 3 2 5 2 36 2 6 75 5 1 3 39 3 2 3 3 13 11 4 10 6 3 8 2 10 3 9 4 3 4 2 5 5 2 1 1 1 7 6 3 5 3 7 14 7 3 7 22 8 2 4 21 6 4 5 7 5 2 2 3 1 1 3 3 61 104 2 2 3 32
12 19 31 19 27 17 13 19 66 10 16 28 39 21 43 19 17 32 21 3 53 18 10 6 27 22 21 11 46 22 21 63 22 20 29 50 39 39 22 62 48 18 14 15 17 15 23 57 9 12 43 22 17 27 60 17 21 44 16 16 25 23 26 20 18 26 61 7 56 17 36 40 43 20 7 19 18 13 36 30 19 10 22 28 31 13 38 35 28 39 17 23 28 75 37 23 23 65 58 14 20 22 20 13 14 45 24 7 10 11 71 40 30 8 14 44
2 2 4 2 2 14 8 9 5 1 11 14 31 22 7 11 1 33 1 3 17 3 0 6 3 0 4 2 1 9 11 5 9 0 6 8 4 11 1 9 4 3 17 11 6 1 2 14 0 0 1 0 17 37 14 1 1 15 6 2 11 8 18 14 6 11 4 2 45 1 6 17 11 8 4 6 3 4 4 1 2 0 3 1 0 0 0 1 4 1 13 0 2 8 2 9 2 7 3 1 11 22 2 1 1 2 5 2 3 10 23 12 8 3 1 5
4 6 5 10 9 4 9 6 4 5 53 12 4 7 9 8 3 16 1 1 7 2 7 5 5 3 4 5 7 5 6 11 24 1 7 3 9 5 2 10 8 45 6 4 1 5 9 22 6 5 20 5 5 33 19 0 4 8 7 3 5 10 24 7 10 4 10 5 41 5 9 12 4 7 4 8 3 4 7 1 3 5 6 2 4 3 8 8 9 10 10 2 7 7 7 5 3 4 6 3 12 58 3 4 1 8 3 5 4 3 30 102 6 5 13 26
12 8 45 8 10 23 21 16 14 11 39 18 12 21 7 12 25 39 4 11 18 14 16 12 7 10 6 9 18 5 9 17 13 7 19 14 9 30 15 21 11 14 13 19 8 8 34 51 17 3 36 16 39 14 58 4 36 67 7 12 18 8 14 20 18 10 21 6 23 21 14 21 8 10 12 11 8 42 43 14 11 8 17 12 9 9 19 11 19 23 11 2 23 41 29 5 11 19 20 13 6 12 5 13 25 63 30 3 8 24 91 64 15 8 23 72
4 9 1 9 3 5 21 6 11 4 0 3 4 14 12 4 6 15 7 1 3 2 1 8 0 0 4 2 20 2 5 16 13 0 6 9 9 14 9 18 5 6 2 4 3 0 13 10 0 2 14 1 17 6 17 0 10 40 1 2 6 5 5 9 5 5 38 4 6 5 7 7 14 7 1 3 1 9 7 0 0 0 0 0 8 3 19 6 8 16 4 1 3 33 7 10 15 27 7 1 1 10 4 0 0 21 1 0 9 6 25 20 4 0 5 33
8 9 9 17 17 23 23 10 11 5 19 3 7 8 8 11 5 26 10 6 6 2 16 3 17 14 10 14 14 5 9 12 43 3 10 5 7 11 2 4 2 6 10 6 7 1 10 16 2 2 29 2 3 11 22 4 8 36 4 7 15 37 57 14 10 14 7 4 40 3 4 9 6 6 4 7 4 6 18 1 8 1 2 5 5 4 7 3 23 5 51 6 6 28 9 14 3 7 5 4 6 9 1 1 6 8 7 4 55 3 26 66 13 2 5 16
26 15 9 11 10 40 29 18 25 28 17 5 17 9 14 12 14 17 7 9 3 21 35 20 19 10 30 7 30 7 37 37 43 16 30 15 13 18 12 21 17 13 20 13 4 25 21 11 14 23 44 51 35 39 46 12 46 75 20 12 10 18 7 16 15 14 29 12 26 9 13 7 12 12 8 12 5 20 26 14 25 10 28 20 30 16 23 12 34 12 61 4 20 34 22 15 24 21 12 13 10 13 6 17 12 38 47 26 7 12 58 54 13 33 62 56
13 12 7 20 15 18 20 21 35 29 16 28 23 28 17 16 12 25 11 11 14 7 18 8 10 16 18 10 27 8 15 36 30 9 50 9 21 40 31 22 27 28 24 28 26 7 28 40 6 1 19 7 18 32 56 5 46 69 16 42 11 16 18 19 25 15 26 6 27 35 22 28 21 24 8 11 7 28 30 10 23 4 14 13 18 6 41 13 10 21 22 11 31 36 20 27 34 18 25 10 26 18 6 15 16 40 20 24 33 40 61 32 42 11 76 53
1 1 2 1 2 1 1 1 3 2 3 3 1 3 3 5 2 3 1 3 3 1 1 1 0 1 1 3 2 1 1 2 4 2 3 2 3 3 1 5 3 5 4 22 3 0 1 0 1 0 1 0 1 1 1 0 5 1 1 1 1 1 3 1 1 2 3 1 3 1 1 4 3 3 2 3 1 0 1 1 2 0 0 0 2 1 3 0 0 2 0 0 2 1 1 1 1 3 3 2 3 4 1 1 2 1 1 1 1 7 79 39 2 0 1 30
11 7 12 40 27 10 19 15 19 18 5 26 4 8 17 8 7 18 6 8 22 18 21 13 12 6 15 11 6 13 27 36 34 3 25 17 14 18 13 12 10 23 9 32 5 7 21 10 6 5 26 1 39 20 35 5 20 87 6 12 20 21 27 14 12 12 28 5 26 10 10 16 9 12 12 44 7 13 13 6 20 5 23 21 20 10 8 18 22 26 19 4 4 15 16 17 32 15 10 18 8 22 6 11 9 20 0 1 6 10 68 63 11 4 2 27
8 7 4 8 5 18 37 21 13 11 8 13 8 8 11 10 9 28 15 17 43 29 16 32 15 8 23 15 12 11 12 13 24 7 16 29 17 12 9 16 9 12 17 26 13 8 10 79 9 23 55 7 10 59 43 8 15 89 10 15 12 15 20 24 19 24 16 5 14 8 12 35 12 10 5 26 10 13 16 19 15 12 28 20 23 34 10 8 18 12 39 12 16 47 9 10 6 11 8 7 19 14 6 10 8 51 2 13 27 5 92 41 16 6 27 58
34 36 29 36 47 46 24 40 41 46 46 19 25 44 56 29 32 32 50 46 43 26 27 35 30 19 33 7 30 25 54 58 45 12 30 42 52 70 31 56 47 27 30 45 48 24 33 29 23 18 33 13 23 38 33 21 32 27 40 39 54 41 43 56 35 31 48 37 75 15 31 44 26 35 27 16 27 45 24 27 26 27 27 29 32 28 34 37 59 48 48 18 17 20 51 42 16 42 33 17 31 29 29 22 33 31 22 14 35 17 29 34 44 29 12 33
9 44 3 34 35 11 22 12 20 10 20 42 17 28 11 11 13 55 8 11 12 11 26 13 11 3 21 6 6 10 28 16 63 29 49 8 15 12 7 28 17 11 21 18 13 4 2 9 5 16 10 2 8 22 23 2 5 17 2 10 29 1 53 11 19 14 20 0 6 9 16 62 13 7 5 16 15 9 19 12 14 5 25 20 17 12 11 27 18 13 21 6 43 9 14 15 9 23 16 17 14 45 7 2 7 21 8 5 21 26 42 29 12 4 23 18
2 2 4 2 6 6 2 3 3 4 2 5 2 2 3 5 5 4 4 3 5 5 6 7 5 5 3 4 5 1 2 6 7 2 1 5 4 9 4 3 2 3 4 6 3 1 2 7 3 1 3 0 10 2 33 2 2 16 2 2 2 2 4 2 2 4 3 1 6 2 3 2 6 5 3 4 2 0 2 6 5 3 5 5 4 3 3 1 2 6 4 2 2 2 7 1 1 6 2 2 3 5 2 1 2 23 1 1 0 19 80 100 0 1 3 48
18 36 49 47 65 38 22 38 48 47 9 36 24 13 37 22 27 36 12 17 16 36 57 22 35 10 7 7 39 23 36 40 28 14 9 16 32 27 24 30 15 27 23 19 4 0 12 16 5 8 13 9 15 56 34 9 33 21 23 10 45 16 64 24 13 18 42 15 14 13 24 13 23 21 8 0 7 15 11 55 49 14 41 28 19 12 27 27 30 32 15 10 1 30 23 17 19 31 20 19 13 14 8 3 25 19 11 2 18 32 39 60 21 7 30 16
13 38 60 52 66 7 53 20 7 23 2 11 5 2 9 9 5 12 7 12 8 18 13 17 29 18 8 7 6 18 35 4 10 7 8 3 8 7 5 5 2 4 6 10 5 6 13 31 6 6 6 13 23 42 52 8 13 64 21 6 34 18 25 23 23 9 4 1 9 9 10 7 10 10 5 8 11 19 7 16 13 7 20 29 27 8 5 16 53 20 20 5 2 12 6 6 8 8 3 3 5 12 5 4 25 13 15 9 35 16 50 24 21 7 13 35
7 6 7 11 15 12 8 8 5 4 16 3 5 13 10 7 5 3 3 10 9 5 9 5 7 5 5 6 6 11 13 10 11 7 6 2 4 5 3 16 9 9 3 38 11 4 6 93 4 4 16 9 3 31 55 3 3 85 5 3 8 7 11 14 5 6 8 5 19 2 16 33 8 7 7 2 3 16 4 6 7 5 7 6 8 6 3 10 10 4 7 3 6 40 3 8 3 4 7 8 4 23 4 2 5 7 12 2 11 8 70 22 24 5 3 11
1 1 3 2 5 1 1 2 1 0 1 2 2 2 2 1 0 6 2 4 5 2 2 4 2 2 1 1 0 3 1 2 4 2 1 2 3 4 2 1 2 3 3 4 2 1 1 14 2 1 0 0 1 1 4 1 1 45 2 1 2 1 1 4 1 2 2 0 2 2 2 2 1 3 1 11 1 3 2 3 3 2 2 2 3 1 1 2 3 4 4 1 0 10 3 4 0 3 2 3 2 4 1 1 2 0 0 1 1 0 14 84 4 1 6 2
1 1 5 3 5 8 5 0 3 5 4 3 5 3 5 9 3 14 2 3 7 4 4 3 6 2 2 1 2 10 12 8 4 6 0 3 6 5 3 3 1 3 1 6 0 1 6 23 0 1 5 0 23 35 5 2 2 14 7 3 2 4 9 14 5 3 6 1 47 3 3 1 8 6 2 4 2 0 6 5 5 4 15 11 7 2 2 8 30 8 8 1 0 20 4 23 0 4 3 2 5 10 3 0 1 0 2 0 1 3 63 23 0 2 0 19
6 9 22 15 18 25 17 12 31 10 13 23 26 16 45 20 10 30 5 6 10 5 14 4 6 6 11 15 10 6 5 17 33 6 11 6 30 11 5 37 6 15 13 40 11 2 8 26 2 3 23 5 11 46 40 2 19 37 6 3 20 12 21 21 14 17 28 14 22 10 24 7 25 17 13 21 6 20 8 4 7 3 2 7 10 4 6 11 8 6 8 4 5 7 14 11 2 17 7 3 1 23 7 2 11 24 17 3 9 19 84 55 40 9 6 17
2 8 4 3 4 13 3 7 46 3 5 12 17 14 24 21 5 28 3 7 32 4 5 3 16 11 5 2 1 13 31 42 7 11 16 1 17 3 7 21 10 12 3 13 7 4 18 23 6 1 16 7 20 18 7 8 6 14 16 20 14 9 10 25 6 0 40 5 26 18 17 19 17 21 3 11 17 27 12 7 14 6 4 15 6 7 1 15 24 41 21 13 1 8 4 4 2 26 20 11 10 18 0 6 9 32 9 1 6 9 23 20 31 1 4 56
20 25 23 26 48 18 26 16 48 38 23 25 18 15 45 27 21 51 9 10 9 30 20 21 15 20 10 28 12 11 33 59 19 14 23 16 48 43 21 39 10 11 8 31 11 8 21 13 11 7 17 20 12 13 29 5 5 20 6 18 10 20 18 24 16 11 51 12 60 15 25 21 40 26 3 12 6 19 39 29 18 9 24 24 14 31 6 35 33 54 48 15 13 31 37 55 9 24 17 22 16 42 19 12 8 48 10 5 23 12 17 36 15 1 10 17
5 31 14 14 34 11 16 14 27 8 14 26 18 20 29 4 11 29 4 3 12 4 16 3 22 28 18 4 7 14 12 22 6 19 34 16 19 10 21 34 23 7 2 27 18 7 32 65 4 2 30 7 25 16 11 0 9 9 14 7 13 15 13 22 23 11 30 4 26 11 25 25 19 4 5 26 9 13 15 8 19 3 8 15 12 2 3 11 14 10 14 33 5 25 21 52 16 9 28 14 12 4 3 14 24 17 16 3 13 11 21 58 28 1 4 4
5 10 1 7 5 15 16 18 37 5 15 21 18 17 16 24 21 6 0 0 0 18 22 5 24 18 0 6 0 5 28 39 20 4 2 1 21 1 1 31 14 7 14 17 5 0 3 0 3 2 20 4 3 13 27 3 5 39 3 3 5 4 2 14 11 4 43 1 16 25 19 19 30 30 2 5 1 6 3 20 18 4 23 17 14 6 1 14 38 28 17 5 5 11 3 14 12 24 14 7 24 11 2 10 11 16 0 1 6 5 11 11 7 2 11 31
3 2 6 1 6 9 13 2 29 8 22 8 19 26 22 9 2 30 19 3 9 20 21 16 17 14 4 8 24 11 14 28 24 12 14 36 39 41 38 9 9 0 7 6 3 7 18 10 3 3 6 9 4 6 46 5 5 4 4 4 27 9 25 4 4 1 40 0 18 12 22 20 24 5 1 18 1 3 9 11 20 5 12 20 8 1 16 19 25 38 20 15 3 8 36 10 0 50 14 14 5 6 4 11 16 13 12 0 1 4 16 8 22 2 5 22
9 7 7 8 7 11 11 8 9 8 12 8 3 9 7 8 7 10 4 4 17 7 8 4 8 8 4 3 10 7 10 5 10 7 10 8 4 7 7 5 5 7 8 10 7 4 4 13 6 4 16 3 8 92 61 4 6 100 5 6 6 7 7 6 5 5 7 5 23 8 4 7 4 5 4 4 4 35 4 7 7 4 9 8 10 5 6 5 8 5 8 6 6 8 6 7 4 5 6 5 4 7 2 7 4 4 12 6 16 2 105 97 28 4 2 54
23 23 14 36 45 34 36 39 46 35 18 39 22 21 17 25 8 17 15 4 15 19 17 19 16 6 11 15 33 19 43 55 49 12 22 10 37 29 25 49 14 17 25 22 30 10 19 25 19 17 20 12 58 28 25 14 40 77 34 22 25 21 34 21 17 35 48 11 42 38 23 20 24 31 11 18 9 12 23 17 17 10 13 13 10 14 12 22 46 59 20 12 13 20 33 26 4 33 4 14 17 28 17 8 19 30 35 6 37 13 80 74 28 34 27 74
8 6 4 1 2 8 4 6 25 2 15 13 18 29 9 9 7 28 4 11 10 2 7 5 9 5 8 2 5 13 15 31 25 2 1 5 3 4 1 11 3 14 5 21 5 0 1 4 4 3 15 10 13 12 2 4 1 17 12 3 3 3 1 15 10 2 24 0 13 6 18 14 9 6 1 17 2 4 6 3 7 4 9 6 6 2 3 15 33 42 3 8 2 18 2 5 6 22 4 6 4 26 2 1 3 57 1 0 1 2 14 6 56 0 1 6
22 18 17 24 31 26 28 33 21 19 39 26 17 34 18 28 20 69 10 19 12 13 13 19 17 18 17 19 22 20 23 17 28 9 31 47 18 9 50 16 24 22 22 29 18 10 18 75 11 14 13 15 33 58 31 12 7 88 19 14 8 12 11 18 17 16 16 9 58 13 20 33 17 37 22 70 4 4 21 10 15 15 17 15 15 18 18 12 25 15 17 8 15 52 12 61 64 12 16 14 17 25 18 9 17 39 20 9 15 13 90 75 68 5 61 65
10 7 10 10 9 8 9 11 10 11 7 24 30 11 7 36 6 38 6 5 6 5 7 5 7 7 7 2 13 5 12 21 11 4 32 4 6 11 7 13 7 7 11 12 6 13 14 11 5 8 33 44 12 105 22 8 11 55 10 5 14 3 6 14 7 6 17 9 34 10 13 5 7 14 8 34 5 10 9 3 8 3 8 6 5 3 29 4 8 21 6 10 14 6 8 11 9 14 9 4 7 8 5 4 3 10 8 4 14 9 96 63 28 5 34 55
10 4 8 3 6 51 21 24 9 4 14 17 32 46 7 3 3 16 1 3 4 31 8 17 6 7 6 3 8 2 3 3 8 2 59 7 6 6 4 5 2 7 9 18 2 9 10 54 8 9 3 3 5 0 1 2 6 30 3 3 9 3 7 7 7 15 5 2 13 4 15 10 7 3 3 8 8 5 7 31 11 17 12 8 8 4 4 2 5 7 10 5 22 13 6 6 3 2 2 6 11 11 3 3 3 5 5 2 3 6 41 60 22 6 35 7
30 15 20 40 31 47 51 53 61 47 10 34 34 37 14 28 15 23 17 32 16 30 14 21 8 22 26 32 36 17 33 53 44 4 33 20 27 15 12 58 54 18 25 29 24 9 22 52 21 22 7 10 51 24 13 17 34 44 25 43 23 31 26 22 35 46 46 9 28 37 50 81 21 17 14 14 15 19 18 15 19 18 19 12 34 19 41 18 44 45 30 17 8 25 12 29 8 47 39 23 23 24 20 7 23 44 48 3 21 17 40 61 44 23 17 51
0 1 3 0 2 0 0 0 5 1 0 5 0 3 2 3 1 7 0 0 1 6 3 1 3 0 2 0 0 0 0 2 18 0 2 1 0 0 0 0 0 3 1 1 1 0 0 0 0 0 4 0 3 0 6 0 1 18 0 1 0 0 0 0 0 0 7 0 6 2 1 0 2 8 0 2 0 0 1 6 0 0 3 4 3 2 0 3 4 8 5 0 0 1 0 0 0 0 0 1 0 4 0 0 0 5 0 0 0 0 4 6 15 0 0 8
7 6 24 20 29 34 25 50 26 30 25 34 49 46 34 22 14 4 4 20 10 7 7 12 27 17 29 24 12 3 6 33 10 6 12 5 30 26 15 21 18 6 5 48 33 7 7 52 8 4 26 9 12 12 81 2 6 16 10 12 13 16 23 15 17 9 26 21 40 9 34 35 24 15 20 0 9 13 9 6 8 3 14 29 27 19 7 11 12 23 12 7 2 7 11 7 8 15 15 13 6 17 15 3 9 30 6 1 10 26 99 12 66 8 8 15
9 5 6 10 21 18 15 13 10 8 7 11 12 18 12 5 8 11 3 5 11 7 19 5 8 16 23 7 19 22 34 37 17 8 18 22 6 5 11 17 13 9 13 12 10 3 8 12 2 3 7 18 64 68 14 12 55 90 9 4 16 3 12 10 7 7 15 5 4 3 9 6 6 4 6 22 13 9 4 8 4 6 10 10 22 6 21 24 20 27 13 3 7 40 7 32 37 15 15 7 12 9 17 6 9 52 7 2 18 35 75 58 15 27 25 81
2 2 3 3 5 2 4 3 5 1 4 3 1 12 6 3 4 11 4 3 2 1 3 1 1 1 4 1 4 1 3 3 4 2 3 1 6 2 2 8 5 2 5 2 3 1 1 5 3 1 1 1 0 103 0 1 3 44 2 1 1 1 1 4 3 1 4 2 1 1 1 3 2 3 2 3 1 5 3 1 2 1 2 2 5 3 2 1 3 4 3 1 1 6 1 2 15 8 5 3 6 3 3 1 1 4 2 1 3 1 41 2 3 1 5 26
12 5 9 13 12 16 19 18 27 32 9 31 26 17 10 19 9 16 6 6 19 2 6 3 12 8 13 1 12 11 21 24 12 6 14 9 11 7 4 27 15 8 4 5 24 1 2 6 0 0 12 6 39 31 18 3 13 56 12 11 25 9 44 17 16 7 22 4 17 18 21 7 14 19 7 14 2 2 4 1 8 0 6 15 42 1 13 15 33 29 16 7 9 32 3 23 9 14 13 8 8 8 10 0 10 13 3 0 1 11 63 32 16 2 35 54
3 1 3 2 1 4 6 3 2 3 5 3 3 2 2 17 2 11 1 5 2 2 4 2 0 1 0 0 2 3 6 6 2 1 0 5 3 9 1 2 1 3 3 1 2 0 1 2 0 0 3 1 0 5 3 0 0 0 1 2 20 0 8 6 1 3 3 1 44 1 6 0 0 14 0 3 1 14 7 2 3 2 2 0 1 2 0 3 8 3 3 0 0 3 2 5 1 1 0 0 0 3 1 0 0 3 4 0 1 0 20 18 1 1 4 21
15 2 6 8 10 15 13 5 31 14 13 14 11 1 17 15 14 47 2 2 6 7 28 13 16 2 10 6 23 17 23 29 20 5 39 35 11 13 19 14 25 6 8 6 12 0 21 0 5 6 11 7 25 18 45 14 14 71 19 3 25 16 17 12 12 8 17 7 6 20 37 22 9 18 5 32 11 3 9 4 15 2 16 12 5 13 20 17 23 34 35 14 16 46 10 26 24 9 16 8 20 14 6 8 5 25 1 1 3 20 47 54 65 19 18 14
4 6 17 7 16 7 8 9 18 9 16 12 14 20 4 8 5 21 6 6 4 8 16 8 18 9 13 6 8 4 4 17 9 5 5 5 5 6 4 13 9 9 4 13 3 4 5 15 2 3 21 5 99 63 43 3 3 18 5 6 11 5 7 4 6 5 14 2 15 8 9 8 5 5 5 7 4 5 4 7 6 4 23 22 40 5 4 33 27 22 9 3 4 8 5 4 3 5 6 3 8 6 5 4 7 14 3 2 7 11 103 43 6 5 4 49
15 37 25 20 37 34 30 16 47 18 27 42 55 62 18 30 25 45 11 9 17 42 35 50 52 54 54 30 38 54 37 51 46 22 38 28 28 18 25 36 28 21 20 30 11 10 13 49 37 28 30 14 52 43 52 10 41 50 27 17 50 18 41 18 21 14 40 22 30 27 44 55 26 25 17 27 11 21 17 36 17 34 54 66 41 47 51 56 27 41 38 31 18 32 20 25 19 47 32 26 11 16 7 11 16 38 29 14 21 6 66 56 36 9 24 61
4 12 25 1 20 3 9 15 13 1 17 37 14 7 4 24 2 24 1 4 0 2 1 0 0 0 1 0 39 6 6 21 21 0 7 10 3 4 1 9 7 3 4 2 1 0 2 17 0 0 8 3 6 14 7 5 3 9 13 6 8 5 14 6 9 2 18 0 13 10 11 2 2 18 3 10 2 5 1 0 2 0 1 0 5 0 29 7 13 17 4 0 3 24 1 6 8 9 20 4 5 1 2 0 6 2 3 2 0 6 25 26 9 3 14 6
2 7 4 20 18 11 33 6 11 17 15 16 7 3 12 11 6 21 6 11 8 2 7 3 19 3 22 7 5 18 34 29 6 4 3 6 17 15 9 12 8 25 16 14 5 5 11 32 7 0 9 22 43 29 30 11 8 20 4 5 1 3 4 19 30 9 16 0 19 12 8 16 7 10 4 24 5 18 2 2 9 4 7 7 16 9 7 19 33 37 7 7 2 16 3 7 6 33 10 14 15 11 4 4 16 21 13 0 21 30 31 58 9 7 41 19
8 16 4 21 17 13 7 16 11 21 4 28 26 5 9 37 6 45 5 18 13 35 20 28 16 4 23 11 17 6 10 8 19 2 26 8 9 11 3 18 15 5 20 16 12 1 3 7 2 6 9 2 2 2 9 0 1 8 3 6 13 6 3 3 7 7 28 12 24 19 11 2 2 13 1 16 5 6 14 24 17 17 32 27 26 18 6 5 5 11 7 8 9 13 2 14 1 29 24 5 7 7 2 4 4 7 0 1 19 4 35 23 1 0 5 18
3 2 4 2 2 8 15 3 8 4 11 6 6 4 7 4 3 12 2 2 3 2 14 9 16 4 7 5 2 7 14 24 6 3 1 5 5 3 5 3 3 6 4 12 7 4 2 12 2 5 8 6 19 3 4 2 2 85 4 4 3 5 4 11 5 6 25 2 6 3 5 6 10 3 2 6 14 19 9 4 4 2 12 14 24 20 2 2 2 3 8 3 2 16 3 4 8 3 3 4 3 11 5 1 3 25 7 4 4 4 97 16 29 5 23 10
5 6 5 5 6 9 4 5 8 1 5 4 2 14 13 3 26 36 5 8 1 8 10 6 6 3 5 4 9 4 3 6 16 0 34 6 4 6 3 8 6 5 5 34 5 5 7 10 5 6 6 3 27 25 17 1 5 41 5 3 4 4 8 7 9 7 17 1 3 4 3 8 13 3 3 8 2 14 11 7 4 3 8 6 7 6 4 3 10 7 2 1 18 5 5 1 3 6 4 6 5 10 4 3 4 11 5 1 3 58 84 71 11 4 9 17
6 8 3 1 43 8 16 19 13 5 68 40 40 67 12 19 7 5 5 2 7 10 11 9 9 1 12 11 5 12 9 17 59 5 7 3 15 13 9 6 15 2 0 0 8 7 5 66 1 14 9 5 4 10 9 1 8 4 15 2 13 5 5 20 16 10 11 7 66 24 24 40 12 14 4 4 2 1 5 5 9 8 18 11 8 7 4 15 14 16 2 5 3 5 13 9 7 8 12 3 7 17 9 5 1 6 14 7 10 17 24 53 4 7 4 10
5 22 9 17 5 6 6 0 24 12 4 11 13 16 15 6 6 16 3 2 7 4 22 12 15 4 2 6 12 11 17 25 16 23 34 4 28 26 5 35 11 3 2 8 12 2 11 12 2 4 8 2 7 48 13 3 14 81 9 9 6 12 4 6 6 1 19 8 5 6 15 18 15 5 8 19 1 2 6 5 22 4 13 6 10 3 9 33 22 29 17 25 7 23 25 4 4 18 6 4 4 8 3 2 11 12 12 2 9 10 64 64 16 4 5 22
26 17 27 26 38 25 52 15 57 29 17 25 37 22 33 25 29 36 9 16 7 22 28 24 35 28 32 24 42 47 61 57 29 10 16 22 54 41 11 40 19 14 8 23 19 13 21 22 14 27 10 4 27 17 21 18 40 40 18 9 28 6 18 30 20 18 60 34 18 15 18 20 39 9 8 33 12 15 14 26 24 21 32 44 33 24 33 26 45 62 23 14 6 21 37 19 15 38 19 18 12 31 27 15 26 38 2 10 29 19 59 49 54 20 24 55
4 5 16 5 6 3 7 3 7 5 14 4 6 41 3 1 4 11 8 3 8 4 10 5 6 5 10 3 6 7 7 4 5 0 20 14 4 4 8 10 4 1 4 40 4 2 4 15 2 2 3 1 5 36 16 1 15 58 4 2 22 4 14 6 8 8 8 5 13 2 4 17 6 2 7 3 2 5 3 3 6 1 9 12 14 4 6 4 8 10 7 1 4 13 4 11 8 9 6 2 3 0 1 2 3 13 3 3 0 4 53 75 15 5 2 58
11 25 7 17 8 9 12 7 20 7 5 20 20 19 11 20 12 64 8 9 18 4 49 4 17 6 9 4 15 19 16 24 14 52 15 10 21 19 21 27 20 6 11 9 8 8 11 25 8 7 19 3 43 23 24 1 10 37 13 7 10 15 23 10 18 17 16 6 8 11 24 8 10 17 11 12 2 11 10 5 35 4 7 3 11 8 14 8 19 11 19 43 4 19 7 6 15 13 14 9 11 7 3 6 19 21 5 8 11 6 80 67 61 6 22 36
10 16 15 11 16 13 17 9 41 27 10 22 17 21 23 21 30 27 7 8 14 18 19 15 11 18 13 5 24 16 35 52 45 12 25 9 29 21 19 32 35 50 20 40 9 3 7 26 5 4 18 13 49 54 6 25 26 29 5 21 6 15 8 34 21 13 44 8 19 20 36 26 28 23 8 38 18 15 7 20 21 16 17 15 35 2 9 17 31 45 31 25 5 3 34 20 9 20 35 14 8 26 3 4 5 46 4 10 19 12 26 13 61 21 1 54
42 8 11 19 13 30 21 9 17 43 15 24 10 15 26 22 8 23 7 10 9 10 11 12 13 12 19 7 19 24 67 37 18 11 10 9 7 16 10 32 10 9 7 19 12 2 6 64 5 3 22 10 21 16 59 15 10 53 21 15 27 15 52 11 9 8 24 14 15 20 20 17 12 24 10 19 5 12 9 9 16 9 10 9 14 6 11 31 67 41 26 18 2 15 7 11 8 40 7 15 12 17 6 7 4 9 30 7 26 3 60 61 30 17 8 45
2 1 4 3 7 9 5 5 4 2 11 6 4 6 8 6 2 15 3 3 7 5 20 14 24 2 3 2 2 6 9 6 4 1 10 3 12 4 3 4 4 2 2 6 4 1 4 2 3 1 16 7 12 18 8 5 18 34 2 0 7 2 2 28 7 4 4 1 18 4 5 7 4 3 3 14 3 10 3 7 6 2 35 20 26 2 3 2 4 4 4 1 4 6 3 0 6 4 5 7 4 21 2 1 1 17 12 1 8 13 68 75 14 13 12 12
4 6 2 7 1 5 2 3 4 8 2 6 1 1 5 6 7 5 2 2 7 3 4 3 4 4 0 1 1 3 6 8 8 4 1 5 5 1 5 6 5 2 4 2 1 1 1 20 3 2 23 1 57 31 1 0 0 80 1 4 4 6 2 7 5 5 4 2 3 2 3 6 4 6 7 3 0 0 2 4 4 1 5 3 1 3 4 3 3 6 6 4 0 3 3 2 3 7 5 5 5 1 0 0 1 9 15 0 3 0 42 13 2 0 8 62
14 36 30 40 72 35 24 38 37 15 19 61 14 26 15 19 23 42 11 9 15 23 19 28 33 13 27 17 36 15 15 30 67 15 29 22 19 29 23 49 29 11 37 28 10 9 27 21 7 18 18 17 51 30 8 11 22 45 16 47 33 48 74 46 16 13 41 1 9 66 11 18 19 28 14 32 8 10 14 23 14 19 23 37 25 22 38 37 20 40 42 18 28 20 28 25 31 41 27 3 25 22 18 12 20 9 13 8 25 33 75 37 4 12 14 25
9 2 26 5 13 11 3 10 14 10 8 52 6 11 4 7 19 18 11 4 9 6 8 9 14 3 7 5 20 8 13 23 50 8 17 15 3 14 5 6 7 1 9 60 8 2 12 12 7 12 11 4 5 50 4 3 13 38 10 3 6 3 12 7 8 4 16 13 5 9 11 9 5 5 1 26 4 1 6 8 6 4 14 9 7 12 11 9 10 21 26 2 12 20 8 8 6 1 8 10 3 53 5 4 3 7 4 6 13 7 54 30 12 12 53 58
30 20 9 47 27 50 14 10 27 23 14 18 21 14 16 19 15 48 12 16 26 36 18 10 33 14 21 8 34 26 38 19 13 10 4 15 13 13 8 21 16 35 10 25 27 3 3 10 12 9 7 2 51 21 30 7 69 5 11 5 14 11 17 6 6 5 15 4 21 12 18 14 14 14 12 61 10 15 20 41 14 7 3 11 14 14 22 5 58 18 43 9 3 21 6 18 8 22 17 21 15 19 5 10 19 18 7 1 3 42 64 19 7 18 47 22
10 4 6 14 10 14 6 8 22 6 6 16 15 12 9 11 5 38 3 2 5 0 3 7 9 4 6 7 23 4 17 45 27 14 26 29 10 25 36 16 20 20 14 8 7 6 13 13 2 2 47 11 30 12 28 3 4 53 15 7 3 20 11 12 6 6 25 2 8 7 11 7 4 4 6 9 0 2 3 1 3 2 12 17 12 14 29 16 14 27 23 8 25 42 14 25 39 12 18 6 17 19 7 15 26 9 1 7 15 14 48 34 4 1 27 42
10 11 20 12 29 19 17 28 50 23 24 19 19 20 21 5 25 24 15 7 14 15 18 16 8 4 6 3 14 14 23 52 29 5 25 7 22 11 3 40 41 36 8 60 21 4 8 62 6 7 3 4 17 6 40 2 18 55 5 11 12 16 23 12 22 21 35 5 21 7 7 10 12 4 13 11 4 21 8 11 10 5 22 10 5 13 14 13 16 41 17 7 8 28 9 8 4 17 29 20 6 12 7 3 7 32 21 5 10 33 84 26 48 5 7 22
0 0 0 0 0 2 1 0 1 0 1 3 4 0 0 3 0 12 0 0 4 0 6 5 0 0 0 1 27 0 0 0 0 1 28 2 1 3 4 1 0 1 0 8 0 0 3 16 0 0 0 0 3 5 5 0 0 14 9 0 3 0 0 3 1 0 3 0 0 3 6 3 0 3 0 7 0 2 2 2 2 0 10 9 0 5 37 9 6 1 2 0 6 8 0 3 9 0 0 0 0 0 0 0 4 2 1 0 2 2 15 13 2 0 3 3
0 0 0 0 0 4 3 0 1 0 0 3 6 5 0 0 0 1 0 0 1 0 0 0 1 0 0 0 0 0 1 3 7 0 0 0 0 4 0 0 0 0 0 4 1 0 0 2 0 0 3 0 3 0 7 0 0 0 0 0 3 0 9 9 4 7 3 0 0 3 6 8 2 0 0 1 0 0 0 0 0 0 0 1 1 0 0 1 8 8 0 0 0 0 4 2 0 0 0 1 0 0 0 0 0 1 0 0 1 2 1 5 3 1 7 2
1 6 5 4 18 2 0 0 3 10 2 2 3 16 2 4 6 0 0 2 0 4 8 3 1 5 4 3 1 4 4 5 4 5 3 2 4 4 4 1 1 1 3 1 2 0 0 16 2 1 1 0 12 38 5 0 0 32 2 3 0 2 2 0 0 0 0 2 3 0 3 4 1 2 3 2 1 4 1 4 4 1 7 4 5 2 2 2 1 5 2 2 0 2 2 2 1 1 2 1 2 2 0 0 0 0 3 0 7 11 70 3 1 0 1 3
3 0 1 1 0 3 3 0 4 8 2 1 8 25 3 3 1 4 3 2 9 0 4 0 3 0 2 2 2 5 3 10 0 2 4 4 2 5 2 7 2 2 0 44 2 1 2 7 2 0 8 1 0 9 29 1 4 8 4 1 1 1 0 5 3 0 2 1 57 2 4 10 4 0 1 10 1 4 0 1 1 1 2 3 4 1 2 3 3 5 2 1 4 6 5 2 1 5 0 4 6 29 1 2 0 13 2 1 1 7 23 28 4 6 1 14
1 4 4 2 11 2 2 5 8 9 16 10 11 28 5 3 3 3 3 1 12 10 12 31 3 2 2 1 4 7 8 19 16 3 3 9 7 7 0 3 4 1 1 15 2 0 18 27 1 0 8 4 0 11 8 2 9 54 5 1 8 0 6 16 1 1 14 0 9 8 8 7 3 2 2 7 2 9 1 6 4 0 14 17 24 14 2 6 13 10 7 2 1 4 4 8 0 4 2 3 1 7 0 4 7 1 2 0 1 4 20 13 7 0 18 13
15 21 22 30 37 47 36 44 38 11 30 34 14 29 21 12 25 41 19 14 46 22 17 13 15 12 16 12 37 15 25 41 32 18 43 27 33 56 20 45 40 29 12 52 22 10 19 66 13 11 28 15 24 20 85 8 36 57 25 9 10 26 46 20 31 25 41 15 52 28 28 32 12 9 15 16 30 20 21 19 21 16 22 21 28 11 36 33 27 34 30 19 16 24 47 33 10 46 37 17 20 44 8 16 25 20 40 15 27 21 93 51 81 31 58 86
6 3 9 3 5 11 3 8 7 5 8 6 7 11 5 6 3 31 4 8 5 6 10 5 6 7 10 5 15 4 11 33 12 5 12 10 6 16 21 7 4 4 4 13 4 1 2 66 4 5 2 12 82 18 21 8 10 83 8 3 19 1 8 27 7 3 9 3 9 6 6 11 9 4 3 27 1 10 12 6 4 4 10 12 11 6 12 12 21 11 8 4 5 20 16 1 31 8 4 9 4 7 6 2 1 7 10 4 3 23 91 13 6 4 9 15
