4 4 7 5 6 3 10 3 16 1 5 4 5 5 10 4 0 13 1 3 2 9 11 4 8 4 5 0 10 8 3 30 5 0 16 5 17 7 4 4 2 7 2 7 1 3 4 11 2 1 10 3 5 2 12 1 3 25 4 1 2 2 7 5 7 1 4 1 6 2 1 2 4 3 0 2 1 1 1 5 7 2 9 3 1 1 3 3 7 18 0 1 0 2 9 15 0 0 1 8 1 4 4 0 1 6 0 0 0 2 14 17 9 0 0 8
12 13 16 12 25 14 18 23 17 16 9 20 8 13 20 4 11 22 13 10 14 14 9 11 10 16 16 6 11 10 16 15 16 12 13 5 21 8 3 23 18 12 7 20 21 8 9 27 7 16 16 14 4 7 30 5 19 21 9 11 19 19 18 16 21 19 27 6 21 7 13 18 16 7 4 7 9 6 5 6 12 6 12 15 16 11 10 5 24 17 23 10 11 5 6 5 2 18 19 11 12 38 15 11 7 24 10 10 4 1 35 4 13 3 17 22
1 7 9 6 6 19 9 2 13 6 4 12 6 16 8 3 1 25 1 15 11 6 3 2 3 5 3 3 6 1 4 9 11 1 13 1 7 4 1 7 5 3 5 13 5 4 3 18 3 1 6 6 9 12 20 2 3 30 2 3 13 5 10 8 8 5 7 6 13 3 11 11 4 4 6 4 1 6 2 1 0 2 3 4 8 1 3 4 7 6 5 0 6 5 3 5 3 8 4 6 5 27 9 1 2 16 8 1 3 4 40 8 27 1 10 10
4 5 3 4 7 8 6 4 6 4 9 4 3 19 3 5 4 12 3 3 3 1 2 3 2 1 1 2 5 2 6 5 7 4 1 5 4 4 6 7 5 4 4 11 2 1 0 25 5 2 2 1 16 34 32 1 3 43 3 2 4 3 4 5 4 4 4 2 34 2 4 8 4 2 2 4 3 10 5 2 2 2 1 3 7 2 3 2 5 5 3 3 1 5 4 3 3 2 2 5 2 6 2 1 2 7 2 1 1 1 52 15 10 2 4 22
2 1 2 1 4 6 4 0 3 1 1 0 5 10 5 0 2 8 0 1 5 0 0 0 0 0 0 0 6 2 0 7 0 1 3 6 6 16 3 2 3 2 1 4 1 2 11 4 0 0 1 0 1 4 0 0 3 2 3 0 9 0 6 4 2 1 5 2 1 1 9 20 5 0 1 9 1 3 1 0 0 0 2 3 4 0 6 2 3 5 0 2 2 29 7 16 1 7 3 1 0 7 1 5 9 10 0 1 4 3 3 8 3 2 1 1
1 2 2 1 2 2 3 3 4 1 2 25 6 13 1 2 2 3 1 0 3 2 1 3 4 1 2 2 2 1 2 3 15 1 7 0 2 3 1 2 2 1 2 6 2 1 3 45 2 3 5 2 3 5 1 0 1 3 4 3 1 3 3 2 2 1 4 1 0 11 1 0 2 2 1 7 0 1 2 1 2 1 2 5 4 2 3 2 4 3 2 1 1 1 1 0 0 1 1 1 1 1 0 0 2 0 1 0 0 0 28 0 0 2 8 22
4 5 3 8 4 14 10 5 5 8 7 11 11 6 3 4 4 13 17 7 8 1 1 4 5 3 3 1 3 6 5 8 8 4 3 4 4 7 2 19 3 1 2 5 5 2 5 15 2 1 19 2 13 26 36 1 2 20 5 6 3 6 11 8 4 4 6 6 15 4 7 20 7 1 2 12 12 30 11 3 5 1 8 6 7 2 5 4 12 7 11 2 2 16 6 10 3 8 9 7 2 26 3 6 4 11 3 2 4 4 38 23 13 5 2 28
2 1 3 2 2 1 3 1 3 5 1 4 17 3 3 2 11 16 3 2 4 4 8 3 6 3 3 2 4 3 3 8 6 0 0 2 3 7 2 7 5 3 2 4 4 3 1 7 2 2 3 3 11 37 3 2 2 43 3 2 3 5 9 5 3 5 8 10 9 4 13 5 11 10 5 11 3 2 5 6 8 3 9 7 18 4 4 4 6 7 5 4 3 5 3 4 2 6 4 9 3 10 3 2 2 2 1 3 7 7 44 47 3 2 1 35
0 1 6 0 1 1 1 1 0 1 2 2 2 1 1 1 0 6 2 2 2 1 0 0 0 0 0 1 0 0 1 1 8 0 0 1 1 1 0 0 0 0 2 1 0 0 0 2 0 0 1 0 1 20 2 1 2 4 0 1 6 0 6 1 1 0 2 1 0 1 0 11 0 1 1 0 2 2 2 3 3 0 3 3 0 0 1 1 0 0 0 1 1 1 0 0 0 1 1 0 1 2 0 0 0 2 0 0 0 0 20 1 0 0 2 1
1 2 10 1 15 3 2 5 4 3 16 10 7 17 8 0 2 2 4 3 10 4 5 5 8 2 2 4 2 5 7 9 4 4 4 0 6 3 4 8 4 2 2 6 2 1 11 42 0 1 3 1 5 7 4 0 2 28 1 2 7 1 2 3 2 1 3 0 2 1 1 14 2 2 1 1 0 7 1 2 2 0 6 5 3 4 0 4 5 2 3 1 1 1 1 3 1 1 1 7 5 6 2 0 0 2 1 0 0 0 19 4 0 0 3 27
1 10 7 17 18 7 21 15 2 10 14 9 10 14 27 18 18 13 5 5 15 21 13 7 10 12 7 10 3 8 5 5 8 6 8 2 22 20 7 6 22 39 6 19 10 2 7 17 5 3 4 7 9 18 19 4 8 21 5 2 4 1 4 2 9 2 9 7 11 1 5 13 16 10 9 1 0 1 3 5 5 2 4 6 8 5 8 4 3 2 1 2 2 3 5 3 6 4 24 15 1 7 5 0 3 9 3 0 5 4 13 28 5 0 5 8
4 12 11 6 12 13 17 6 16 2 10 17 8 12 4 9 4 11 1 1 6 1 8 1 3 9 1 0 19 9 7 5 16 2 18 12 9 9 11 16 9 0 8 13 13 0 1 19 0 2 19 11 20 20 3 0 9 17 4 5 3 6 3 5 2 5 13 1 16 4 6 4 9 4 0 2 0 5 4 4 3 0 4 7 9 1 3 1 3 4 7 3 1 18 1 3 0 10 7 4 2 20 1 1 9 3 2 1 7 12 25 15 0 1 8 1
2 4 22 14 34 8 8 9 13 5 16 5 10 7 12 9 21 15 2 4 8 12 20 8 16 11 4 1 14 5 17 29 9 6 7 9 13 4 8 9 10 5 5 7 2 1 2 2 3 0 7 0 0 11 9 1 17 10 1 2 2 1 7 1 1 2 12 2 10 2 4 8 7 5 0 4 2 3 3 8 4 4 14 7 6 2 1 3 9 11 1 1 0 10 3 9 1 5 5 2 3 8 0 0 4 5 1 0 25 7 0 3 2 5 4 2
4 8 10 10 11 14 9 13 17 4 7 9 12 11 6 5 5 7 5 4 14 12 12 6 8 7 6 3 26 7 8 28 6 5 18 4 2 3 1 29 23 3 5 8 4 5 21 38 7 3 4 4 11 14 14 2 8 28 9 5 18 8 20 18 20 13 26 3 32 5 10 29 6 7 7 8 5 6 5 13 12 6 12 9 7 13 15 12 12 15 18 4 7 9 3 15 4 4 15 11 3 28 11 7 10 14 7 3 5 10 26 11 16 6 7 30
0 3 2 1 2 4 7 4 6 0 5 5 4 3 1 5 6 1 1 1 1 1 4 2 5 0 3 1 4 0 0 5 1 0 9 1 1 1 1 1 0 5 2 8 1 2 0 29 0 0 0 0 0 0 8 0 2 7 3 1 0 2 1 3 3 1 8 0 12 2 3 2 1 2 2 4 1 1 1 1 1 1 4 3 1 2 2 3 4 9 3 1 1 2 2 2 1 3 3 7 2 2 1 2 3 1 0 1 1 0 14 44 1 0 1 4
4 10 7 7 6 11 5 4 10 7 9 19 8 20 12 11 5 18 12 16 15 13 12 12 10 7 25 15 17 2 6 19 19 1 11 14 10 12 7 12 11 6 6 15 4 9 25 7 10 7 23 11 12 8 13 5 27 31 3 3 6 7 7 7 5 6 18 1 11 8 5 4 5 9 3 9 5 4 9 5 4 2 5 6 15 8 6 6 7 7 4 3 2 9 2 11 4 8 6 5 10 20 3 14 15 2 1 1 3 7 11 24 30 0 18 25
4 11 22 16 14 12 17 12 3 2 7 15 7 18 8 6 7 25 4 4 7 4 9 1 8 5 4 6 2 6 10 10 9 6 6 13 8 4 4 4 1 9 4 29 4 6 13 13 1 2 28 15 10 2 10 9 3 13 2 1 3 7 25 2 9 3 7 0 11 0 7 13 2 1 3 10 1 2 2 1 4 0 2 2 3 1 0 2 5 4 1 3 1 1 2 6 0 1 0 7 1 3 1 0 5 2 3 0 6 3 5 14 8 0 2 2
1 5 2 0 2 9 5 4 6 1 9 3 4 0 2 6 3 4 2 2 3 9 3 2 11 5 15 2 1 15 4 17 10 1 1 5 4 4 2 9 4 2 6 4 3 0 7 12 6 0 3 1 27 23 9 4 5 9 19 5 5 1 1 17 14 5 7 0 9 4 9 5 1 8 1 14 2 8 4 2 3 0 22 22 8 4 0 25 21 24 10 8 2 9 3 11 5 6 6 7 8 8 5 3 6 11 1 0 9 11 19 4 8 1 5 18
2 3 21 1 25 9 9 8 5 1 7 8 14 14 5 7 3 11 2 1 10 1 8 0 0 2 2 4 1 4 5 13 2 1 6 3 7 4 3 15 3 10 4 14 2 1 6 4 3 1 7 4 19 8 6 1 5 7 1 0 5 1 5 6 2 3 7 1 11 4 6 10 9 5 5 7 2 1 4 1 4 2 3 4 1 1 1 3 4 4 5 1 2 5 3 3 1 5 4 3 5 7 2 1 1 1 1 1 33 23 15 7 1 3 22 24
11 4 3 6 8 7 17 4 7 4 12 4 7 7 8 5 9 12 4 5 14 11 17 13 2 3 2 9 9 6 23 25 13 1 18 6 8 4 3 7 4 2 5 10 16 2 5 8 3 8 9 9 35 24 11 2 6 23 5 7 9 4 14 1 16 19 9 2 8 5 13 15 5 7 2 11 1 12 6 8 3 4 6 7 5 3 3 8 18 12 21 6 3 2 3 5 6 11 6 7 7 11 7 4 4 32 3 7 8 21 28 14 29 9 7 17
1 5 9 7 7 3 9 8 17 2 7 8 16 26 16 10 5 15 8 8 7 6 2 2 6 6 12 10 19 11 8 18 12 4 4 15 10 21 3 24 3 18 5 22 6 5 1 14 2 4 8 2 7 6 20 4 4 14 4 2 18 5 23 8 16 15 22 3 18 9 14 31 18 6 6 8 4 7 11 6 6 8 9 7 7 8 8 10 19 11 8 8 3 8 11 14 7 19 14 10 7 19 5 11 12 17 8 5 11 18 39 26 12 8 12 39
7 14 11 25 28 28 18 12 28 10 5 10 16 8 24 5 6 12 5 11 12 9 8 8 14 8 12 14 19 13 23 20 34 6 20 5 18 13 9 23 25 7 8 17 11 10 19 23 8 6 9 11 11 23 18 9 23 27 7 10 16 22 24 21 13 12 20 6 15 12 11 12 16 9 7 14 5 21 5 9 4 6 10 12 15 16 24 17 21 18 30 10 18 13 15 11 5 21 14 16 6 17 8 5 13 10 3 3 35 10 18 25 17 4 11 16
1 1 2 5 5 3 4 3 2 3 1 3 2 1 4 2 1 3 1 1 1 3 1 2 0 0 2 1 0 1 1 3 1 1 1 1 4 4 1 2 3 1 1 3 2 0 0 17 0 0 1 0 12 10 1 0 4 37 2 5 3 3 3 7 5 6 2 0 5 3 3 1 3 3 1 4 2 1 2 1 1 0 1 1 4 1 0 1 5 4 3 2 2 16 2 2 2 3 2 2 3 2 4 0 4 1 1 1 7 13 40 14 0 1 1 27
0 3 5 3 3 1 4 4 3 0 20 6 11 21 2 1 2 1 2 0 6 1 1 0 3 1 3 0 1 2 6 15 4 0 3 1 4 1 0 2 4 1 0 7 0 1 3 3 0 0 9 4 0 5 5 1 0 5 1 2 1 0 4 0 3 1 2 1 0 4 8 26 4 0 1 0 0 2 1 0 1 0 0 0 1 1 0 1 3 3 0 0 1 0 1 1 1 3 4 1 0 4 0 1 1 0 1 1 5 0 1 2 0 0 0 1
5 7 5 7 9 8 5 2 6 4 7 6 6 8 5 9 11 31 3 3 5 5 11 4 9 7 4 3 8 15 12 8 7 9 8 5 7 4 1 9 3 3 3 8 3 2 22 29 4 3 12 8 7 4 6 2 13 38 7 10 16 15 30 15 9 7 9 2 10 3 7 8 10 12 7 25 1 10 4 8 7 7 16 13 18 12 13 20 15 9 29 6 11 14 7 8 4 15 13 10 10 10 8 7 10 12 5 1 8 23 33 33 21 4 21 18
13 6 7 17 18 5 22 6 5 9 11 10 3 5 8 11 6 9 9 15 9 16 10 11 10 5 13 6 9 15 18 9 11 8 5 8 8 15 2 12 4 5 6 11 2 3 7 36 1 5 8 2 7 13 40 1 2 16 5 2 5 4 22 4 12 5 6 4 8 3 14 24 5 7 2 6 4 12 5 11 10 4 10 2 9 6 6 12 12 6 3 1 7 2 4 3 3 5 3 10 4 11 2 6 2 3 3 2 0 3 23 29 6 3 2 31
0 0 0 0 0 0 0 0 1 0 0 0 0 0 0 0 0 0 0 1 0 0 0 0 0 0 0 0 1 0 0 0 0 0 7 1 0 0 1 0 0 0 0 0 0 0 0 0 0 0 0 0 1 0 1 1 1 4 0 0 1 0 1 0 0 0 0 0 0 0 0 0 0 0 0 0 0 0 0 0 0 0 0 0 0 0 0 0 1 1 1 0 0 0 0 0 0 0 0 0 0 0 0 0 0 0 0 0 0 0 0 0 0 0 0 5
6 4 4 6 6 6 8 5 14 4 5 14 24 21 8 15 8 15 0 5 2 7 8 5 7 3 12 2 10 14 12 13 9 5 15 4 10 9 4 24 12 6 5 27 13 7 20 41 7 7 7 6 20 7 17 8 4 37 9 15 15 6 17 13 7 12 14 9 18 24 32 34 13 19 10 7 4 8 11 14 8 11 11 9 17 11 16 11 14 17 24 14 9 18 11 16 3 23 17 7 19 28 17 8 13 17 20 4 10 10 27 13 16 9 13 18
5 12 7 14 18 14 11 17 16 1 19 8 16 16 18 13 8 26 7 8 8 15 16 7 16 9 19 6 13 13 31 18 29 14 8 7 12 14 8 25 13 15 7 16 3 4 22 20 5 2 20 5 8 12 38 1 8 9 9 14 17 16 17 8 15 15 18 5 16 9 16 23 15 8 11 19 4 27 17 6 16 1 14 13 12 12 13 22 12 16 23 10 20 11 12 23 16 22 14 18 5 28 4 1 16 17 11 1 16 10 11 28 19 5 6 9
4 1 3 1 7 6 3 2 19 7 2 11 3 22 16 3 5 18 0 6 5 2 0 0 3 1 1 3 4 4 6 12 25 3 1 4 9 6 5 6 5 2 1 6 7 2 11 13 3 2 3 3 6 6 9 2 3 9 10 9 30 12 35 10 10 10 24 12 18 11 14 24 22 8 14 12 10 14 3 5 8 8 12 15 8 7 15 12 5 21 18 13 14 4 14 28 2 15 6 5 9 20 12 5 7 16 3 4 4 8 13 10 16 11 15 26
3 4 1 9 12 7 10 4 3 5 10 8 8 3 4 9 4 20 5 2 4 4 5 2 4 3 4 3 4 14 24 9 12 8 5 9 2 3 3 13 2 7 7 6 4 2 18 21 2 2 8 4 10 9 27 2 6 47 4 2 25 9 28 12 14 3 5 5 10 5 11 9 4 11 8 17 4 0 9 5 14 4 12 5 9 5 1 2 28 10 25 10 3 22 6 6 3 16 6 10 7 14 4 2 7 10 4 1 5 3 26 10 20 1 7 18
3 12 22 10 16 5 6 4 15 15 16 8 15 10 7 2 9 12 11 9 12 3 6 2 13 8 13 12 5 14 9 12 18 9 5 2 8 8 16 31 3 6 12 22 7 5 21 23 2 4 10 13 19 12 14 0 9 33 5 9 22 16 34 7 4 12 7 2 10 5 6 22 7 9 5 9 9 9 12 6 8 2 9 8 3 8 3 19 20 12 13 9 8 24 15 18 5 15 8 9 15 20 8 6 15 3 10 2 21 24 19 12 12 4 15 19
1 4 4 4 9 2 2 3 6 4 4 4 6 4 3 3 3 6 1 1 6 1 5 2 6 4 10 3 7 1 4 10 4 3 3 3 1 1 3 7 2 1 3 5 4 1 1 6 3 1 28 4 48 16 4 3 3 29 3 2 41 0 26 4 5 7 5 3 4 6 5 5 3 3 3 4 6 6 4 4 4 5 5 4 7 5 4 7 20 5 4 4 6 9 4 16 5 4 3 3 3 7 8 4 4 5 2 5 5 8 43 47 4 3 14 7
1 5 5 5 4 3 7 4 3 2 5 10 1 15 3 9 3 18 1 1 9 4 2 2 3 2 2 1 4 4 3 2 7 1 5 1 1 1 4 7 2 5 4 5 1 0 0 9 0 2 10 0 5 9 22 0 5 19 4 6 1 5 5 7 7 7 6 1 10 7 6 9 10 10 6 25 6 7 5 5 4 1 1 1 12 3 6 3 13 3 7 5 5 3 4 6 6 6 4 6 5 3 3 1 4 17 2 3 3 3 32 35 11 1 7 20
2 5 1 5 6 3 6 5 5 5 7 12 17 12 4 7 4 12 0 0 1 2 3 0 7 1 8 8 1 8 6 8 12 0 9 2 5 6 4 5 0 2 1 20 2 0 1 3 0 0 10 2 14 14 4 1 1 13 4 4 3 2 5 4 6 4 8 2 6 9 21 20 5 10 6 4 1 3 3 2 6 1 8 5 6 2 3 8 8 3 7 6 2 4 5 8 1 3 4 3 4 17 2 0 1 10 1 1 3 0 34 35 17 4 3 7
5 11 7 6 6 1 4 0 8 8 7 13 11 23 16 14 8 5 8 18 3 8 13 9 12 1 2 8 7 1 0 13 26 2 11 6 13 13 6 13 7 7 7 29 6 2 18 12 1 3 7 6 8 15 6 5 1 8 5 5 12 4 5 7 3 4 15 7 16 14 16 13 6 7 2 2 10 27 7 1 2 1 6 5 3 16 6 3 2 16 9 2 2 3 10 11 3 7 9 6 3 45 4 5 6 4 0 5 7 5 3 4 7 2 1 5
6 28 9 34 21 12 15 10 31 11 16 17 14 10 18 23 30 7 3 12 7 17 18 20 18 12 14 12 14 11 21 38 16 21 14 10 31 24 10 34 30 10 11 21 17 11 17 9 11 11 19 8 14 11 10 9 9 31 2 15 14 25 8 11 6 5 34 19 9 14 15 7 21 20 15 13 7 6 8 11 10 10 19 18 21 12 6 14 29 37 12 13 6 8 19 12 3 29 25 17 10 11 14 12 19 5 8 6 28 14 17 10 6 4 17 18
4 5 3 12 5 23 8 9 10 5 13 11 10 12 9 2 11 22 8 7 8 9 20 8 7 3 3 4 15 4 9 13 19 2 4 6 11 7 3 11 8 5 4 25 11 5 10 35 11 6 12 9 33 32 15 8 12 18 4 3 3 5 6 13 9 3 11 1 13 18 11 20 6 4 3 38 3 10 5 4 10 3 10 5 2 5 7 4 12 11 14 1 4 7 4 4 4 7 7 8 7 13 4 1 6 9 13 3 10 3 47 35 11 3 9 28
5 1 0 1 2 2 2 4 3 5 16 1 8 2 3 2 5 6 2 5 2 3 13 2 9 4 4 2 5 2 1 4 3 2 10 3 2 2 2 5 4 1 3 3 1 2 3 44 7 2 6 3 4 1 18 1 4 34 7 5 2 3 0 6 2 3 2 5 8 2 6 3 2 1 5 0 0 31 26 9 3 0 8 12 7 4 9 7 5 8 4 5 4 3 2 0 1 9 4 6 7 4 6 2 2 8 21 2 2 1 28 32 11 3 2 22
7 1 15 16 12 6 8 1 18 14 10 5 9 8 23 7 5 16 4 3 10 4 6 6 8 2 6 4 11 4 3 38 14 8 4 7 11 6 2 6 2 1 4 9 5 3 6 5 3 4 11 9 5 21 12 9 5 22 5 0 0 4 25 3 8 12 9 0 0 1 2 2 11 3 2 12 2 4 2 6 6 3 9 3 4 6 11 6 6 7 4 4 2 13 2 24 6 4 4 5 2 3 2 0 4 15 0 2 3 5 22 23 5 3 2 9
0 6 7 5 6 9 12 7 5 0 23 9 16 15 4 10 6 9 1 0 6 3 8 6 10 9 3 3 9 9 9 9 10 10 9 1 6 2 1 6 6 4 9 11 5 1 2 9 1 2 3 1 3 5 12 1 1 5 4 1 4 2 14 15 11 10 4 0 7 4 10 20 2 10 3 3 2 1 4 3 5 0 6 2 4 1 6 8 10 5 5 3 4 10 2 3 0 2 3 7 2 12 3 1 3 3 1 0 6 7 37 11 9 1 1 7
3 3 17 7 19 9 8 6 9 9 5 9 6 21 9 18 8 19 4 0 17 10 16 10 15 0 0 3 18 2 6 11 6 0 8 7 11 12 9 12 9 4 5 10 3 5 3 9 0 5 22 18 17 19 5 2 12 10 6 6 14 8 8 12 13 14 12 7 3 7 9 19 14 21 4 9 0 3 12 15 18 7 23 20 25 7 11 2 6 17 4 0 4 11 15 8 8 7 13 7 4 13 2 4 0 0 5 3 0 12 18 20 3 8 5 12
4 17 11 5 8 26 11 7 8 15 5 19 14 6 10 6 13 5 3 8 4 11 8 9 11 3 12 9 9 3 13 15 16 7 9 6 10 7 7 8 9 3 10 19 11 4 5 35 14 3 13 14 28 39 9 4 17 53 4 6 14 8 10 10 8 5 5 4 8 5 16 9 3 4 7 9 3 13 4 6 7 8 7 13 24 7 5 7 11 9 7 7 8 12 4 4 3 4 4 5 3 23 5 3 6 7 1 2 7 12 48 34 23 2 19 44
7 6 6 7 10 7 18 13 3 5 11 12 14 9 4 10 6 14 6 11 12 8 1 5 5 1 2 6 9 7 8 17 7 5 7 8 4 5 7 11 6 27 3 18 4 3 7 21 7 7 29 12 28 17 44 6 22 17 5 7 3 6 1 11 4 8 10 1 10 9 6 9 8 16 4 1 8 13 3 1 5 3 6 4 19 2 5 4 8 7 4 3 2 32 4 6 11 4 8 12 3 17 3 2 2 28 5 2 6 6 31 16 25 10 12 9
1 1 1 1 1 1 1 1 1 1 1 1 1 1 1 0 1 2 1 1 1 1 1 1 1 1 1 1 1 1 1 1 1 1 1 1 2 1 1 1 1 1 1 1 1 1 1 51 0 1 2 1 1 1 4 0 2 1 0 0 0 0 0 0 0 0 0 0 0 0 0 0 0 0 0 0 0 0 0 0 0 0 0 0 0 0 0 0 0 0 0 0 0 1 0 0 0 2 0 0 0 0 0 0 0 0 0 0 0 1 1 3 1 0 1 0
3 0 3 2 7 1 1 0 12 1 19 0 4 12 4 5 2 3 9 2 8 2 2 2 4 2 8 3 3 4 5 3 3 2 4 6 9 22 11 9 2 2 1 0 1 1 5 12 1 2 8 4 25 9 5 1 3 10 6 2 3 4 4 9 8 2 14 4 29 5 10 14 7 4 2 8 11 3 21 6 6 1 7 8 7 6 5 6 9 13 4 1 2 30 8 4 11 18 6 4 3 5 6 2 5 8 2 4 17 12 22 38 5 2 4 17
8 3 9 6 16 9 8 7 4 5 8 6 7 10 8 11 6 14 1 4 8 10 3 11 21 8 17 3 1 13 31 18 10 13 2 5 7 6 2 9 8 9 6 9 3 4 18 3 2 5 26 8 21 24 12 1 6 27 5 5 19 3 15 7 7 7 9 5 11 9 6 12 5 9 2 6 2 0 2 6 3 3 15 19 13 4 7 13 19 11 18 2 3 8 8 9 3 5 5 2 5 4 4 7 8 9 0 2 16 8 17 28 21 4 9 26
1 0 1 2 1 1 1 2 2 1 4 2 1 2 4 5 0 11 0 0 1 1 0 0 3 0 0 0 2 0 2 4 2 0 0 1 1 8 1 9 1 1 0 0 0 0 4 0 0 0 6 0 1 5 10 0 1 17 0 0 0 0 0 0 0 0 3 0 0 0 0 0 0 0 0 0 0 0 0 0 0 0 1 1 1 0 0 0 0 0 0 0 0 4 1 1 0 1 1 0 0 2 0 0 1 0 0 0 0 0 4 1 0 0 0 0
13 9 8 9 7 16 11 8 22 14 21 5 7 2 15 9 12 15 13 9 4 10 8 9 7 7 9 8 12 6 7 17 8 7 18 9 6 3 3 19 9 6 3 4 5 13 14 20 9 6 30 31 36 36 16 6 26 40 14 8 2 8 6 13 12 8 19 12 17 3 7 5 9 11 14 14 12 31 10 6 4 1 6 5 8 12 12 6 12 14 15 6 10 9 8 5 16 10 8 10 10 7 5 6 25 5 13 3 18 34 43 21 22 1 27 26
0 9 21 8 18 5 3 6 7 3 6 7 24 22 11 8 2 17 7 10 20 7 10 7 9 5 9 11 3 12 18 7 10 7 6 3 6 5 3 7 7 13 6 21 14 2 17 10 5 3 31 12 25 15 20 2 3 17 6 5 13 6 8 5 6 5 7 3 28 6 9 9 6 5 5 7 6 9 9 3 9 2 6 2 2 2 5 4 8 6 8 4 4 3 5 19 2 3 3 6 5 8 5 0 7 17 1 1 25 17 46 31 9 1 3 41
0 3 3 4 8 0 3 0 1 2 1 2 0 11 1 0 0 3 1 1 1 2 2 0 4 0 2 0 8 1 0 3 0 1 3 0 1 1 2 1 5 7 3 14 1 0 0 2 0 0 1 1 2 0 5 0 0 5 0 3 8 3 2 0 1 1 2 1 6 0 11 23 2 1 1 1 0 1 2 1 1 0 1 4 6 0 0 3 1 2 0 0 0 0 2 1 0 1 0 1 1 11 0 1 3 2 0 0 4 0 2 3 4 1 0 5
1 10 15 2 12 14 17 20 5 7 10 12 14 20 10 12 8 9 5 11 11 2 3 3 8 3 4 4 2 1 5 12 3 0 2 5 14 17 9 16 12 14 2 28 3 2 0 8 3 1 4 5 21 1 5 1 1 7 3 5 16 3 3 6 3 16 9 2 10 6 10 31 7 13 1 5 2 1 3 5 2 4 8 4 2 3 6 1 3 10 4 0 0 4 8 8 8 10 10 3 2 5 1 1 5 2 1 1 9 2 24 16 5 0 6 0
6 2 2 3 2 4 4 4 5 5 2 4 7 2 8 5 4 15 0 0 0 5 7 2 6 4 5 1 6 2 4 8 4 2 2 6 9 9 2 5 5 42 2 40 0 2 2 16 1 2 2 3 12 3 11 2 2 20 2 3 9 2 9 1 3 4 16 2 2 4 4 2 11 4 3 3 1 16 3 1 3 0 1 2 2 1 1 1 4 4 2 2 3 3 3 2 1 4 3 4 2 4 2 1 2 0 1 0 2 3 41 16 1 0 9 19
9 4 2 6 15 17 10 7 8 9 18 8 12 23 2 0 6 15 12 3 10 5 4 5 5 3 4 1 10 10 7 6 5 2 4 17 3 5 6 13 6 2 7 8 10 7 14 6 1 0 10 2 11 11 12 1 14 29 9 3 21 2 9 9 5 4 14 8 6 2 10 18 4 4 6 5 2 0 2 6 4 3 6 7 8 0 13 5 20 10 13 2 6 27 4 13 4 9 13 1 0 15 4 10 7 5 4 2 1 4 21 7 5 0 6 14
2 11 4 4 13 4 4 2 6 2 1 11 6 2 8 11 9 4 1 1 1 3 2 7 10 3 7 0 9 3 8 8 5 4 8 4 7 10 2 10 4 2 2 1 2 1 3 8 1 5 10 5 5 1 28 1 2 44 7 9 20 17 17 11 11 10 22 2 5 10 9 8 13 9 5 5 3 7 0 9 8 5 18 19 17 8 24 20 21 26 8 7 12 14 8 3 2 20 5 5 13 7 1 5 6 18 6 2 6 7 12 26 14 1 5 20
12 10 9 6 8 12 11 5 21 5 5 4 4 9 8 3 22 11 7 7 8 11 12 6 9 5 9 5 18 11 24 26 3 1 23 3 5 7 8 15 12 6 2 12 10 7 3 6 6 3 5 2 18 43 21 2 9 17 4 3 10 5 15 5 4 6 14 5 4 4 4 7 6 2 6 14 2 7 3 3 2 1 4 2 4 2 1 4 7 20 11 2 5 5 7 2 1 15 11 4 2 19 2 4 8 16 7 1 35 11 29 3 11 8 7 18
0 3 4 2 6 1 1 2 22 2 6 8 2 3 8 5 7 6 2 3 8 2 6 1 0 4 0 1 7 0 0 15 9 2 29 4 16 1 1 22 5 3 3 3 5 1 2 7 4 1 4 3 9 13 10 3 4 9 8 3 8 2 5 24 9 5 39 3 8 4 9 5 12 6 0 7 1 10 0 1 5 1 2 1 2 1 5 1 6 15 8 5 6 16 1 4 1 15 9 3 2 14 2 2 2 6 3 2 3 4 11 9 5 5 4 18
7 1 2 1 2 1 1 0 4 8 1 10 5 4 2 2 7 26 0 3 4 2 8 2 2 2 2 2 8 1 2 11 17 3 10 3 6 3 2 4 4 1 1 22 2 1 5 1 2 3 12 8 13 29 6 0 4 11 5 5 7 3 6 6 4 1 4 6 4 10 2 5 2 0 1 13 1 0 12 1 2 1 2 0 3 1 6 3 12 15 24 0 4 12 1 6 4 12 3 0 3 9 0 1 4 1 1 1 11 11 14 16 3 0 9 11
4 3 10 5 14 4 7 10 4 19 8 8 18 14 4 8 14 7 3 4 3 5 9 3 5 2 6 4 8 5 10 17 14 8 9 4 3 7 5 8 3 9 7 10 5 13 14 25 4 4 32 29 21 40 27 4 17 19 15 15 31 9 34 23 21 16 15 8 15 15 14 19 7 9 6 13 7 6 7 9 11 5 2 3 3 6 13 5 26 15 19 12 6 10 11 4 4 18 12 7 10 9 3 9 11 24 16 4 24 23 18 40 6 6 12 25
7 4 3 3 3 10 6 9 7 4 22 7 21 11 4 8 1 5 4 3 10 6 11 5 7 4 1 4 4 14 24 34 8 13 8 3 14 13 1 11 4 6 4 9 4 3 3 41 4 3 12 2 16 10 20 9 3 10 10 3 4 24 27 6 13 6 16 2 30 10 7 7 11 16 14 6 7 4 5 8 12 7 11 10 9 12 2 32 17 29 7 14 1 19 6 3 4 7 4 11 6 11 4 8 8 11 4 8 13 8 29 6 10 7 18 10
0 0 0 0 0 0 0 0 0 0 0 0 0 1 0 0 0 5 0 0 0 0 0 0 0 0 0 0 4 0 1 1 1 0 1 0 0 0 0 0 0 0 0 0 0 0 0 1 0 0 0 0 0 2 0 0 0 3 1 1 4 2 8 3 0 1 1 1 7 1 4 5 0 2 1 2 0 0 1 3 3 0 4 2 3 1 7 0 0 1 1 1 2 18 2 1 1 1 1 0 1 5 0 0 1 5 0 1 0 0 17 20 0 1 1 5
2 2 19 2 18 12 12 23 15 2 16 20 4 14 15 6 6 13 5 11 2 13 6 12 16 9 8 5 3 2 2 16 11 3 16 5 8 14 4 12 8 6 4 6 5 8 12 13 4 4 6 2 47 14 15 9 9 44 4 3 10 7 29 10 9 13 13 4 19 4 8 22 7 3 8 10 4 5 2 3 6 2 6 8 9 5 7 2 4 10 12 2 10 17 7 9 2 8 10 3 2 6 4 1 3 13 2 3 7 19 42 18 22 5 7 26
4 7 9 12 15 11 11 5 6 1 12 8 13 9 8 9 4 23 3 5 7 3 11 9 11 6 5 8 2 12 17 11 13 11 12 12 4 7 2 10 4 3 5 7 4 1 8 5 3 4 30 15 24 12 13 11 7 22 5 7 21 18 18 24 13 11 12 0 14 9 14 7 7 11 4 22 9 9 2 16 19 14 7 4 19 9 8 9 21 13 21 8 3 16 5 11 14 6 5 6 3 2 10 10 3 12 2 6 10 14 34 18 20 13 16 12
3 3 4 5 5 3 4 1 4 3 7 6 4 0 5 4 4 21 4 6 4 3 3 4 1 4 2 3 4 8 10 7 4 2 7 2 5 3 3 5 5 3 5 12 1 2 0 43 1 3 22 2 10 29 17 2 0 19 4 4 4 6 8 5 7 4 6 2 3 4 7 6 5 7 4 6 4 6 5 3 2 4 8 9 13 4 2 20 22 7 7 2 3 6 5 8 3 7 9 5 5 20 5 0 1 7 25 1 3 4 31 29 27 0 2 42
4 4 3 5 7 4 9 7 17 4 6 24 22 9 10 4 5 8 1 2 5 25 8 10 8 1 4 4 9 10 11 16 12 4 3 2 5 8 0 8 7 4 5 12 5 4 4 9 2 2 14 4 8 30 42 5 7 24 5 3 4 0 1 4 6 2 20 0 12 10 17 10 4 8 1 14 2 2 6 12 5 4 3 3 3 3 2 14 4 11 4 4 0 3 1 2 2 22 8 3 2 7 0 1 5 14 10 0 7 2 24 8 12 4 9 25
5 11 9 1 6 6 7 9 19 5 5 20 12 8 8 19 2 9 6 4 1 12 8 13 10 5 8 3 5 7 4 10 21 10 5 7 9 12 1 15 10 0 6 13 10 3 4 6 1 2 2 0 3 24 14 0 1 10 7 6 6 7 7 2 3 3 14 2 5 13 16 15 3 6 2 9 1 6 6 4 3 1 3 2 2 2 5 9 5 6 6 6 1 4 9 16 5 6 11 0 3 8 2 0 7 5 0 1 7 20 38 17 19 2 11 15
5 3 2 6 10 11 10 10 7 9 12 12 15 14 6 10 4 25 2 6 4 7 13 3 2 2 3 2 0 0 9 12 6 3 3 2 10 5 4 8 2 3 5 15 2 3 2 12 7 8 9 13 34 32 18 2 1 13 6 17 4 8 14 13 11 13 13 6 18 10 18 24 8 10 7 8 7 12 5 12 8 4 11 7 21 5 4 8 15 15 10 4 3 1 1 3 1 19 13 3 4 15 4 1 2 18 10 3 5 11 42 20 19 8 11 39
3 1 0 8 4 2 2 3 1 2 3 0 10 6 1 3 3 20 4 0 4 0 11 1 1 0 3 1 2 1 4 4 6 0 8 1 1 15 2 3 1 1 0 6 1 1 1 16 0 2 6 3 3 8 9 0 3 3 3 1 4 9 20 7 6 3 14 1 7 2 5 8 8 3 1 12 2 9 7 1 15 1 9 3 8 14 8 5 9 10 17 4 4 8 11 5 1 9 8 5 7 6 3 1 1 5 6 1 8 4 34 17 8 8 6 20
2 4 6 3 13 16 22 13 9 8 4 23 19 26 10 8 5 14 7 2 6 15 18 13 18 11 12 2 3 3 7 17 4 4 10 16 20 19 9 7 9 10 7 11 10 3 12 23 0 1 5 12 20 18 27 6 20 40 5 18 20 9 14 16 18 12 19 6 4 19 23 21 15 13 0 11 2 5 9 11 17 9 15 11 18 1 6 5 8 18 14 3 2 23 11 13 1 15 11 8 2 11 6 5 4 5 6 7 13 10 22 24 10 18 19 23
1 2 5 0 13 3 8 7 7 0 4 7 9 12 14 3 6 1 0 5 5 1 8 1 8 2 3 2 1 2 1 35 7 2 0 2 9 12 1 17 13 4 1 3 2 1 3 6 4 1 4 3 5 11 2 1 5 5 1 2 11 0 10 10 9 2 12 2 7 3 3 1 8 1 1 8 1 5 2 2 4 1 14 12 5 2 0 0 2 22 1 2 0 3 8 9 1 13 3 12 1 0 1 2 6 9 4 4 6 9 17 13 2 1 4 10
0 1 0 2 0 1 2 1 2 0 3 0 2 4 1 3 2 1 0 0 0 1 1 1 1 1 0 1 1 1 2 1 0 1 1 1 2 2 3 1 0 1 0 4 0 0 0 19 0 0 2 0 1 0 1 0 0 17 2 1 1 2 5 2 4 1 3 1 1 1 1 2 2 2 2 1 1 1 2 1 1 1 2 1 2 1 2 2 5 2 2 1 1 2 2 2 1 3 2 1 2 6 1 1 0 1 1 1 1 4 22 55 3 1 1 3
11 5 16 4 8 7 8 4 13 10 5 4 23 8 8 3 8 16 3 3 7 8 8 8 6 6 6 6 11 3 8 9 10 5 10 5 7 9 2 19 9 8 3 6 5 4 19 31 1 5 24 11 23 31 42 3 2 45 13 10 19 9 27 10 8 5 17 8 4 7 5 7 7 4 6 18 2 5 12 9 11 8 11 10 10 6 14 8 10 19 13 5 8 20 5 25 18 13 7 6 5 12 5 2 5 24 4 1 5 4 33 27 25 0 9 32
1 2 28 2 39 3 5 2 5 3 1 5 4 14 5 5 3 4 3 4 15 7 7 4 3 3 4 3 3 3 3 3 5 2 4 1 5 5 5 6 6 3 4 3 2 2 2 10 3 1 8 4 10 25 2 2 3 35 1 1 2 1 5 3 3 2 8 1 1 1 3 3 2 2 1 1 1 3 2 4 1 2 1 1 1 2 1 2 2 2 4 2 2 3 3 2 2 2 1 2 3 3 1 2 1 2 1 1 5 5 51 28 2 2 2 4
5 12 8 6 19 8 4 1 8 3 6 13 4 13 5 3 3 14 4 3 1 3 8 4 5 3 2 3 7 5 17 15 1 2 2 3 4 3 4 10 10 0 9 10 18 1 8 9 3 3 18 11 11 0 26 2 6 33 2 9 6 6 12 3 3 4 8 3 5 9 11 7 3 4 2 6 0 4 1 1 1 0 4 4 5 1 1 5 8 9 3 3 0 2 2 3 1 0 3 4 5 5 3 4 6 21 4 0 9 11 32 0 21 0 4 17
4 4 5 7 4 6 8 4 4 10 11 4 4 9 8 4 6 21 3 2 9 1 5 4 3 3 3 2 3 2 7 12 6 3 4 4 7 5 5 7 4 5 3 13 3 3 8 41 7 2 22 1 2 4 39 1 4 39 4 3 11 8 8 7 10 4 16 2 19 3 1 13 7 6 7 9 1 9 0 1 5 1 7 4 8 2 4 3 7 10 8 2 2 3 2 8 2 13 9 4 5 14 2 2 5 27 8 0 3 1 25 34 26 4 7 8
1 10 6 9 13 6 2 1 24 8 5 7 7 8 12 4 3 2 2 1 5 3 1 1 3 3 3 2 1 6 2 15 2 2 1 6 11 3 2 21 14 6 3 9 4 1 2 12 1 1 3 2 6 7 9 0 2 50 1 2 2 2 5 2 2 6 6 2 11 2 1 6 8 3 2 2 2 6 5 1 3 3 2 2 6 4 1 6 9 7 3 2 1 2 1 1 2 7 7 4 4 16 2 10 9 5 0 1 3 3 26 41 6 1 1 2
5 8 7 11 28 6 18 6 28 9 7 15 12 11 29 14 12 14 3 3 1 20 11 18 9 12 12 12 2 10 21 29 12 9 3 10 25 13 6 13 19 1 6 16 10 7 10 16 8 9 17 1 10 2 37 2 12 23 7 11 7 5 18 32 26 10 35 10 8 13 13 11 19 13 8 6 8 13 11 10 12 7 8 10 17 9 3 9 27 39 11 6 6 8 10 16 6 5 15 14 8 10 11 4 8 25 2 3 25 8 22 14 20 4 5 31
5 6 11 11 10 6 9 6 17 7 23 5 2 11 5 10 3 9 1 10 2 13 12 9 7 3 2 2 19 3 2 11 4 4 18 10 3 2 4 14 12 9 3 13 4 4 8 23 2 3 9 11 9 40 27 0 19 15 6 2 8 12 17 6 7 3 15 2 21 5 3 14 10 14 7 10 2 4 1 5 8 1 9 6 6 7 18 3 6 16 12 1 10 11 2 12 6 17 14 6 4 9 1 8 8 19 11 3 7 7 23 37 15 3 13 49
12 8 12 16 20 12 15 5 20 4 14 21 19 23 15 2 8 12 7 17 11 5 4 6 9 9 13 12 15 14 14 11 25 7 12 14 15 13 9 20 13 4 11 26 13 4 3 28 5 2 42 18 9 8 16 3 7 28 10 13 11 12 16 11 17 14 30 11 19 16 16 16 10 5 6 6 4 22 3 4 3 1 5 12 11 4 7 11 14 14 9 5 5 15 7 5 2 18 19 6 8 18 10 3 11 13 2 1 2 6 32 19 3 2 2 13
5 6 5 8 6 11 11 15 8 6 17 11 11 9 14 9 10 15 6 1 19 13 8 8 9 8 11 2 6 6 6 14 10 14 12 26 16 26 8 19 11 7 5 25 8 4 9 13 3 2 28 24 22 7 25 6 28 40 5 7 9 8 3 11 20 14 16 1 30 9 14 12 12 8 3 14 13 27 12 8 14 5 13 11 10 4 10 5 10 7 7 9 8 17 20 18 8 11 9 7 7 10 6 5 6 16 4 3 4 6 38 10 28 4 26 20
1 1 1 2 3 2 1 2 3 1 2 3 6 2 3 3 2 1 2 3 1 1 2 2 0 1 2 1 2 0 3 5 6 0 1 3 6 3 2 2 1 0 4 6 1 0 0 31 0 0 1 0 16 20 5 0 5 3 2 2 2 2 3 3 5 4 3 2 4 2 9 1 3 4 2 1 1 1 3 1 2 1 2 2 3 2 2 2 2 3 2 2 3 3 3 2 3 3 3 2 6 5 2 1 0 0 3 0 1 4 36 21 4 0 1 43
4 3 20 13 29 6 5 15 6 7 7 9 14 14 18 4 4 27 1 1 4 3 7 4 6 2 4 2 7 3 13 14 10 4 16 13 11 8 7 22 10 21 7 19 5 7 14 9 2 3 6 4 10 13 25 6 8 20 5 7 6 6 9 19 8 13 11 2 12 9 8 8 20 9 2 7 3 4 4 2 5 2 6 6 20 2 10 9 10 18 10 4 8 7 3 6 4 21 3 13 7 16 3 4 5 44 2 3 15 2 11 25 19 7 1 11
2 5 10 5 6 9 6 21 7 4 7 14 18 27 8 4 2 24 2 1 3 14 13 18 23 5 16 6 2 7 4 9 13 3 6 5 6 5 4 3 6 4 6 5 2 4 3 3 9 7 6 3 6 21 20 3 11 32 0 14 12 8 8 10 7 14 10 1 11 12 15 22 7 5 0 6 9 0 3 8 8 5 11 10 7 7 0 4 2 2 7 9 2 5 8 8 2 7 3 3 3 11 1 0 0 1 0 2 2 5 14 4 5 1 5 10
5 15 14 9 1 9 12 12 7 13 28 15 8 15 14 8 7 15 4 13 27 14 14 12 24 10 30 9 5 15 11 28 17 5 9 7 17 14 5 7 6 16 13 8 13 3 6 8 3 2 14 8 20 6 27 5 4 22 2 2 3 0 3 1 4 4 9 1 14 1 12 25 9 1 3 3 0 6 2 3 3 3 6 10 9 10 3 6 3 11 9 7 0 11 1 6 3 3 9 2 5 14 5 1 6 2 2 0 11 11 26 9 0 7 5 1
6 2 10 6 8 13 10 6 8 5 3 11 9 12 9 3 2 4 1 7 7 18 11 18 14 1 8 4 8 6 8 11 22 0 9 1 7 2 0 10 6 11 16 25 7 2 1 10 2 3 8 3 9 24 20 0 11 24 3 0 2 2 6 3 4 2 4 0 2 3 6 6 5 1 1 1 1 1 3 5 2 3 2 4 2 1 5 0 4 6 4 2 1 0 1 0 0 2 4 1 1 11 1 0 3 6 2 0 1 0 4 21 15 1 0 25
8 10 24 14 19 12 12 15 27 6 15 17 20 22 17 7 20 34 5 19 13 13 24 12 18 8 10 16 17 17 19 36 17 22 11 15 19 15 8 22 20 12 9 21 14 5 6 3 9 9 12 8 17 5 10 6 15 18 3 7 20 12 21 8 10 10 21 11 12 14 21 28 18 6 9 22 6 9 8 20 18 8 17 6 8 6 26 30 22 31 9 20 9 11 15 8 5 18 14 10 4 15 4 4 10 9 3 4 11 8 13 10 9 4 13 12
9 7 3 9 3 10 8 8 11 9 6 10 15 16 10 3 9 13 9 12 4 3 3 4 2 4 0 1 24 8 9 22 16 1 42 1 11 7 1 15 14 6 6 21 5 2 9 12 10 1 3 2 20 2 7 6 3 11 15 10 10 15 18 16 15 14 25 7 14 7 18 12 19 6 7 12 7 11 2 9 11 4 12 3 16 26 38 13 18 25 16 11 19 8 15 8 15 19 14 17 10 19 7 4 9 10 17 7 3 15 30 26 27 5 16 16
4 6 6 3 11 12 9 10 18 13 12 10 10 16 5 5 13 27 4 3 5 5 3 4 6 6 7 5 9 7 12 37 10 8 4 4 18 18 12 20 10 6 3 43 8 4 3 6 5 3 4 2 16 5 5 6 9 35 3 4 8 2 9 6 4 5 17 7 14 5 9 15 6 6 2 9 2 4 4 3 4 2 3 9 4 3 7 7 7 22 17 6 3 1 5 2 2 6 4 3 5 10 6 3 5 29 2 2 4 4 32 2 4 5 6 32
3 7 9 6 12 3 7 6 32 10 10 10 10 10 22 5 9 12 3 1 8 4 7 4 6 6 2 3 8 10 7 32 11 5 13 3 13 3 2 16 25 4 15 9 10 1 5 5 3 2 2 0 12 2 25 2 6 24 4 0 8 1 9 1 7 6 25 0 6 6 8 11 9 3 0 9 0 5 1 1 7 0 2 4 1 2 21 14 12 17 8 8 2 2 3 3 1 27 15 0 4 15 1 3 7 3 0 0 2 9 15 12 10 1 4 13
2 1 7 1 27 0 5 5 3 0 4 0 2 2 3 0 2 2 2 0 1 0 1 0 1 0 1 1 1 0 1 8 0 0 1 3 5 3 3 1 2 0 0 2 2 1 1 8 0 1 2 5 9 4 5 0 2 3 4 0 1 0 0 4 4 3 15 0 10 2 1 8 3 1 0 8 0 0 0 0 1 0 1 1 3 3 1 1 5 6 4 3 0 5 1 2 0 4 7 3 3 3 0 0 1 0 0 0 0 10 18 0 0 0 0 10
4 2 2 10 3 6 8 2 9 4 0 1 7 1 16 7 1 5 0 0 3 10 8 8 12 5 6 1 16 5 4 17 4 2 10 6 14 9 9 35 4 2 5 2 1 3 2 7 0 2 10 1 9 10 15 3 8 18 9 1 2 10 5 6 3 7 8 4 2 2 4 1 10 9 8 8 1 1 5 15 3 11 14 16 28 3 18 3 4 15 2 1 8 11 7 8 9 7 8 2 5 5 5 1 4 15 6 1 7 2 43 24 3 2 5 13
2 3 8 1 10 8 8 4 11 6 5 5 5 6 8 3 15 14 2 2 6 8 13 9 6 3 6 5 14 3 26 40 9 7 5 7 10 6 3 7 13 4 4 5 4 6 5 10 2 2 7 10 30 22 21 2 15 31 5 6 5 4 17 9 11 5 38 4 9 8 8 5 16 5 2 8 2 6 7 8 5 7 12 7 7 5 10 9 24 35 3 4 4 9 7 10 2 8 19 6 4 8 4 4 5 18 7 1 4 11 26 42 7 4 6 22
5 9 6 16 16 4 9 8 5 9 5 7 20 9 5 7 4 40 10 5 7 14 12 4 5 7 9 3 5 13 14 9 21 6 7 3 7 2 4 12 6 2 5 17 5 2 8 42 12 2 7 2 2 6 35 8 3 27 3 4 16 17 20 9 11 9 8 2 12 5 14 12 7 7 3 24 5 11 12 9 13 2 8 7 11 6 5 19 26 14 22 8 5 6 4 6 0 3 4 10 9 13 6 2 2 4 23 2 11 3 30 21 5 3 6 11
4 3 12 12 12 9 17 11 9 5 12 22 23 28 12 13 7 26 0 10 13 6 10 6 7 12 5 5 3 8 11 16 16 6 12 5 14 12 7 18 8 6 11 37 6 9 7 18 12 6 10 8 8 24 9 20 10 30 6 10 15 11 12 11 9 10 8 7 10 19 26 26 8 6 7 11 9 14 3 2 4 1 5 6 11 5 4 10 12 5 14 20 5 12 7 11 2 28 9 4 4 28 7 5 7 4 4 1 11 25 39 38 7 2 14 7
11 6 7 4 8 10 17 15 11 7 4 29 18 6 9 6 6 10 2 21 13 6 8 12 14 1 17 5 8 5 10 18 26 8 11 3 8 4 5 8 7 5 7 27 17 5 2 23 3 7 12 10 10 15 25 2 7 19 10 2 7 2 10 4 3 6 17 3 9 9 9 4 5 1 2 14 0 8 13 2 2 2 4 11 14 2 6 7 6 11 12 7 3 3 0 0 2 11 9 6 5 12 6 0 6 2 3 0 2 5 10 27 0 0 5 27
2 2 3 3 8 4 4 4 8 1 4 15 10 1 4 10 4 10 3 3 4 0 0 2 0 2 2 2 6 0 3 8 5 0 0 3 4 5 0 4 4 2 3 2 2 1 5 10 2 1 7 2 26 27 3 1 0 39 2 3 3 2 2 2 2 2 3 2 7 2 5 10 3 3 2 1 2 3 2 3 1 2 2 2 3 2 7 2 2 5 3 2 0 7 3 3 2 2 3 4 3 3 2 1 2 4 0 1 2 0 43 2 1 1 0 42
12 10 5 7 7 12 11 9 12 9 4 5 26 16 7 7 9 18 4 5 7 3 7 2 13 5 11 3 23 10 15 12 17 4 9 5 10 5 8 12 7 9 9 10 5 7 22 22 10 6 9 4 41 26 26 15 22 42 13 8 13 7 11 12 13 7 17 4 21 8 25 11 10 11 1 22 5 11 10 5 5 2 10 12 12 10 19 3 23 21 14 10 9 16 7 3 8 11 11 8 9 5 5 5 6 20 11 4 7 16 34 12 19 19 6 35
3 6 12 11 22 23 16 14 15 2 11 19 14 12 17 15 6 10 6 5 13 15 9 25 23 17 17 8 5 14 9 13 14 2 5 15 19 10 4 27 14 14 7 23 5 12 6 13 9 10 7 2 17 14 3 5 20 32 7 5 16 12 21 8 9 6 21 15 9 6 13 11 22 6 4 11 6 10 12 7 10 3 9 22 27 13 10 9 20 7 12 16 2 24 18 8 4 9 24 16 13 9 5 6 5 9 5 4 2 3 29 38 8 8 13 23
8 3 9 10 13 15 11 11 16 4 17 9 9 7 8 8 14 20 5 4 10 15 23 11 12 5 5 2 21 4 13 26 9 5 23 5 10 8 5 12 15 11 6 19 6 6 9 7 4 4 17 4 36 22 20 9 19 31 21 8 14 11 11 17 20 10 24 9 15 11 14 17 13 11 8 21 5 6 7 12 13 7 12 9 19 10 29 16 18 35 8 12 20 11 11 10 7 16 26 7 7 13 3 6 12 26 27 4 10 19 45 47 16 9 8 15
0 1 2 0 1 0 0 0 2 1 2 1 3 3 1 2 0 3 0 1 6 6 1 4 4 1 1 1 0 6 4 3 5 0 1 19 8 10 1 1 1 3 2 4 0 0 2 1 0 0 7 1 1 2 1 0 2 20 5 5 4 3 3 4 5 4 10 6 17 5 6 6 5 3 2 4 2 1 5 7 6 1 11 6 10 5 4 22 20 6 3 5 4 26 13 26 1 5 2 4 4 8 5 2 1 1 3 2 3 4 22 29 3 2 5 26
8 13 11 7 9 14 15 7 22 13 10 16 22 19 14 15 17 30 5 20 13 22 13 15 8 14 23 19 12 15 16 19 18 9 23 16 21 17 13 29 17 5 15 8 12 2 10 17 21 1 25 8 28 23 18 13 20 31 17 9 25 11 35 19 17 9 25 18 21 17 25 23 22 14 13 14 10 25 8 25 24 20 16 17 29 12 16 20 23 26 12 21 15 26 16 17 10 28 16 11 14 23 18 7 13 6 25 12 17 18 37 33 12 7 18 27
0 0 1 0 0 0 1 0 4 1 2 0 0 3 6 0 0 0 0 0 1 1 4 2 0 0 1 0 1 0 0 6 0 0 1 0 2 3 1 3 3 1 1 1 0 0 0 8 0 1 0 0 1 5 5 0 0 12 1 1 2 1 4 7 5 2 4 1 0 1 0 1 4 0 1 2 0 0 0 0 1 0 1 0 1 2 3 0 2 2 3 0 3 0 1 0 0 3 4 1 3 0 0 1 0 0 2 0 0 0 17 6 16 0 1 10
2 3 1 0 2 7 4 2 12 8 1 5 3 1 21 1 1 13 0 0 2 5 3 6 2 3 4 5 8 1 3 16 5 2 8 16 14 33 12 7 9 3 4 4 3 2 4 7 2 1 12 3 15 14 6 3 0 10 6 1 2 6 2 11 13 1 25 2 2 2 7 4 11 1 2 7 1 1 3 5 2 3 3 3 3 4 8 2 9 6 3 2 10 5 34 6 6 3 7 3 5 2 4 1 1 2 4 0 2 3 31 5 4 3 3 13
1 1 3 2 4 1 1 3 3 1 1 6 5 3 6 1 1 6 2 3 3 0 1 1 2 1 1 2 2 1 1 4 5 1 3 6 4 2 1 4 1 0 2 8 2 1 2 0 2 0 22 2 2 33 2 0 1 23 2 1 1 1 5 6 3 3 3 2 5 1 5 2 3 3 2 1 1 3 3 1 1 1 1 3 3 2 3 3 4 6 3 1 3 11 5 1 1 9 4 2 3 4 3 1 1 1 1 1 1 2 29 54 2 1 3 15
5 11 16 7 10 7 6 11 27 4 8 13 22 11 18 8 6 15 12 3 30 8 4 2 15 13 13 8 18 13 10 28 10 10 15 24 17 20 13 31 22 9 9 8 10 10 12 31 3 5 25 11 10 16 30 11 12 22 9 9 12 12 11 10 10 13 35 5 29 7 18 23 25 13 6 9 7 6 16 16 11 7 11 13 13 6 26 15 14 23 7 12 17 35 18 14 10 35 33 7 8 9 7 7 7 23 16 3 7 6 31 20 14 4 7 19
1 0 1 0 1 6 1 4 3 0 4 2 6 8 5 9 1 18 0 1 7 2 0 5 2 0 2 0 1 4 5 3 7 0 4 3 3 7 1 6 3 3 7 4 3 0 2 10 0 0 0 0 14 18 11 0 1 7 3 0 1 2 2 4 2 3 1 2 28 0 4 8 4 1 2 1 1 2 1 0 0 0 1 0 0 0 0 1 1 0 2 0 1 2 0 1 0 4 1 0 5 16 1 1 1 1 2 1 1 4 10 4 4 2 1 2
2 3 1 3 5 2 4 3 2 1 25 5 1 4 3 2 1 8 0 0 3 1 4 2 4 2 2 2 3 3 2 7 9 0 4 0 3 2 1 6 4 26 3 2 0 2 7 12 3 2 15 2 3 13 10 0 2 5 4 2 1 5 13 2 2 2 6 3 20 4 5 6 2 7 3 4 2 2 4 1 1 3 3 1 3 2 5 5 5 8 4 2 4 5 4 2 2 4 4 2 6 39 1 2 1 6 1 3 3 2 18 52 3 3 4 9
7 3 24 4 4 12 10 8 7 7 21 9 4 11 5 6 10 19 2 5 10 6 7 4 1 6 2 4 7 2 4 8 7 3 6 10 4 16 10 8 5 8 7 8 4 4 19 26 8 0 21 9 18 9 28 1 21 35 4 7 10 5 8 10 9 6 11 4 11 12 8 11 5 6 6 6 4 21 20 9 7 5 10 4 6 7 11 9 12 15 6 2 15 18 16 2 3 10 11 6 4 7 3 8 10 30 14 2 3 15 44 32 11 2 8 35
2 2 0 2 1 2 9 2 5 1 0 1 1 7 7 1 1 9 2 1 2 1 0 4 0 0 2 1 9 0 2 7 6 0 2 2 6 8 6 8 3 3 0 1 0 0 8 3 0 2 8 1 10 4 11 0 5 21 0 2 5 3 3 5 3 2 21 2 3 3 3 4 7 4 1 3 0 4 3 0 0 0 0 0 2 2 10 3 6 7 2 1 1 12 2 5 9 15 3 0 0 6 2 0 0 8 1 0 7 6 12 5 3 0 2 13
2 4 5 7 9 7 7 2 1 0 8 0 2 2 2 7 2 13 5 3 1 0 10 1 9 6 4 6 5 3 4 4 23 0 5 3 3 5 0 2 0 1 4 3 3 0 8 7 0 0 18 1 0 6 11 0 4 20 2 2 4 16 24 6 6 8 5 2 20 2 2 6 4 0 3 2 3 2 10 1 3 1 1 1 3 3 5 1 7 3 19 4 6 7 4 7 3 4 4 3 6 6 1 1 5 4 4 3 25 3 17 34 8 2 3 9
12 8 4 3 5 17 12 7 11 13 7 3 7 5 7 5 10 4 5 5 2 12 17 12 9 5 19 3 11 2 16 15 22 6 13 8 8 10 8 11 8 5 8 3 1 14 8 5 8 13 28 29 19 24 28 8 23 39 12 6 2 10 4 8 6 6 18 5 14 3 8 4 5 6 1 7 2 8 11 7 11 4 14 11 12 7 14 8 20 8 28 3 10 19 10 11 7 8 5 6 7 8 3 10 6 15 23 10 3 5 30 27 1 11 28 26
3 6 3 8 6 5 10 10 14 14 7 13 10 13 10 7 6 12 4 5 7 5 9 4 4 7 6 4 8 2 4 16 14 4 21 4 8 15 17 13 13 8 10 13 14 4 15 24 3 0 11 5 9 21 29 4 24 33 10 19 4 7 8 9 13 7 15 4 11 19 11 15 9 11 5 4 3 11 16 6 13 2 8 8 12 4 26 6 6 9 11 4 20 14 11 15 12 8 12 4 18 12 2 8 9 16 8 16 17 26 34 18 18 6 39 21
0 0 0 0 0 0 0 0 1 0 0 0 0 0 0 0 0 2 0 0 0 1 0 0 0 0 0 0 0 0 0 0 0 0 0 0 0 0 0 1 0 2 0 8 0 0 1 0 0 0 1 0 1 0 1 0 4 1 1 1 1 1 3 1 1 2 3 1 3 1 1 4 3 3 2 1 1 0 1 0 2 0 0 0 2 1 2 0 0 2 0 0 2 1 1 1 1 3 3 2 3 3 1 0 0 0 0 0 0 2 35 15 1 0 0 10
5 1 6 17 9 4 6 8 5 7 1 9 1 2 5 3 3 8 3 6 14 7 7 7 5 2 6 7 2 6 11 14 15 1 11 11 5 13 5 4 2 7 2 13 1 4 12 7 5 2 18 1 24 13 16 3 10 44 4 4 11 6 13 3 2 6 16 4 7 5 1 6 3 5 5 20 2 0 6 2 8 1 14 10 10 4 5 9 6 14 6 1 2 3 6 4 11 10 7 6 3 12 5 6 5 7 0 1 3 5 30 23 7 4 2 9
4 4 3 5 3 7 18 10 7 5 6 6 2 4 5 6 4 14 3 8 19 12 8 14 7 5 10 8 4 5 7 6 14 4 8 14 7 4 5 9 5 4 10 14 6 4 5 41 3 11 27 3 7 36 24 3 5 46 4 8 5 6 8 11 10 14 9 2 5 4 5 16 6 5 1 10 4 6 8 7 8 5 15 7 13 19 8 5 6 6 17 4 6 25 5 6 3 5 3 4 10 7 2 5 5 30 0 8 16 3 44 17 5 2 14 26
16 19 10 16 16 23 12 18 19 17 24 12 13 21 26 17 10 13 28 25 20 11 14 18 15 10 18 4 13 10 24 31 22 6 16 18 24 31 10 30 24 12 16 24 19 16 19 19 13 12 22 11 17 22 17 11 24 14 19 20 26 19 21 26 18 15 27 20 36 4 13 20 13 17 19 11 10 18 13 15 11 14 11 12 14 11 16 16 25 25 23 8 7 6 29 21 8 20 18 8 12 14 15 7 16 17 7 4 13 5 10 19 21 15 3 15
5 23 1 16 20 5 10 7 10 4 13 17 7 14 7 5 10 27 4 6 7 7 17 8 7 2 12 3 3 4 11 9 31 11 16 4 9 6 3 16 10 5 8 9 7 2 1 4 2 10 7 0 5 11 15 0 3 10 1 6 17 0 28 5 7 6 11 0 3 5 11 32 3 4 2 8 8 1 9 5 6 2 10 9 9 3 8 15 8 6 11 3 25 3 8 6 5 14 6 8 11 22 4 1 3 11 4 3 8 15 17 13 7 2 12 8
0 0 1 0 2 3 0 0 0 0 0 1 0 0 0 1 1 2 0 1 2 1 2 3 1 1 0 1 1 0 0 2 2 0 0 1 1 4 1 0 0 1 1 1 0 0 0 2 0 0 2 0 6 0 19 0 0 11 2 2 1 2 3 2 2 3 3 1 4 2 3 2 4 4 2 2 2 0 2 5 4 2 4 4 3 3 3 1 2 4 3 1 2 2 4 1 1 4 2 2 3 4 2 1 2 9 1 1 0 8 36 49 0 1 0 18
6 18 26 21 31 17 9 16 23 24 7 16 13 6 17 12 13 20 6 12 8 23 29 12 17 9 5 6 20 10 17 20 12 9 6 6 17 15 12 16 8 14 9 9 1 0 7 11 4 6 11 8 12 31 21 7 20 11 12 5 21 5 32 13 7 11 19 7 6 6 9 7 11 7 2 0 3 3 5 28 22 5 18 9 11 2 15 11 16 14 7 0 1 13 11 8 9 14 9 9 7 8 3 1 12 10 2 0 4 11 17 33 9 0 13 7
5 18 27 21 31 5 24 9 5 10 1 7 3 0 4 4 3 5 5 7 5 11 8 11 13 11 6 5 4 8 14 3 5 4 5 3 4 5 3 4 2 2 4 6 4 5 9 17 5 5 6 10 10 24 27 5 6 35 10 3 20 10 13 15 17 5 1 0 3 5 4 2 5 4 2 3 4 10 3 5 5 1 8 12 14 2 1 9 25 11 13 1 0 3 2 1 3 3 1 1 2 6 2 0 12 6 6 5 18 8 24 12 10 2 6 17
2 3 5 4 5 2 2 3 2 2 12 1 4 10 4 4 4 2 3 5 6 3 6 3 4 3 4 5 3 5 5 6 5 5 4 2 3 2 3 11 5 4 2 19 4 3 4 46 4 3 9 4 2 13 26 3 2 40 3 2 2 2 4 9 2 2 5 3 4 1 4 15 3 2 2 0 0 2 2 2 2 2 2 2 3 1 1 5 5 2 2 0 3 18 1 5 1 1 1 4 1 13 1 1 3 1 5 0 7 3 35 12 10 3 1 6
0 0 1 0 2 1 0 1 1 0 0 1 1 1 0 0 0 4 1 1 1 1 1 2 1 1 0 0 0 1 0 1 1 1 0 1 1 2 2 0 1 1 1 1 1 0 1 10 1 0 0 0 1 1 1 1 0 25 2 1 1 1 1 3 1 1 1 0 1 1 1 1 1 2 1 8 1 1 2 2 1 1 1 1 2 1 1 1 3 3 4 0 0 3 2 2 0 2 2 2 2 4 1 1 1 0 0 1 0 0 6 43 4 1 4 0
0 0 1 0 2 4 2 0 1 1 1 0 1 0 2 4 2 7 1 1 3 1 0 0 3 0 0 0 0 3 3 4 1 2 0 1 3 2 1 1 0 0 0 3 0 0 1 7 0 0 0 0 12 13 2 0 0 6 4 3 1 2 4 8 3 2 3 1 23 3 2 1 5 2 2 3 1 0 3 4 4 3 8 4 1 1 1 6 16 5 4 1 0 10 3 11 0 2 1 1 2 6 1 0 1 0 2 0 0 3 27 9 0 1 0 12
4 2 10 5 7 12 7 4 16 4 6 7 11 6 23 10 5 15 3 4 5 2 6 3 4 4 6 5 6 2 2 6 15 5 8 2 16 6 0 24 5 7 7 20 5 1 5 13 1 2 16 5 5 26 23 1 10 24 3 2 5 6 8 10 7 8 10 4 6 5 14 3 11 6 6 12 3 6 5 2 4 1 1 2 4 1 4 7 4 2 5 1 2 1 6 4 2 8 2 3 1 13 2 0 4 5 4 0 3 11 39 29 19 6 3 5
0 6 2 1 1 4 1 3 21 1 2 5 9 6 9 11 1 10 2 3 18 3 2 2 8 6 3 0 0 5 14 18 4 3 4 0 7 2 3 8 4 3 1 6 2 2 9 12 3 0 9 2 11 6 2 4 1 5 9 9 8 3 4 14 2 0 21 3 10 8 8 10 10 10 2 5 10 17 7 4 7 4 3 7 2 5 1 8 14 21 10 8 1 4 3 3 1 16 11 6 6 11 0 4 6 16 4 1 4 6 11 16 14 0 1 29
8 12 11 12 27 9 12 3 24 17 10 11 7 6 22 14 8 26 5 7 6 16 10 10 7 10 6 14 7 3 15 31 7 6 11 7 25 25 6 18 5 5 3 16 5 5 11 6 5 2 10 8 5 5 17 2 4 9 4 8 4 9 9 12 8 2 27 7 26 8 9 10 17 11 3 7 2 7 15 15 10 5 12 11 8 17 4 22 17 27 23 9 6 14 16 30 6 12 9 10 8 21 9 7 5 25 3 2 12 7 7 14 6 0 6 10
1 13 6 5 20 5 5 6 16 3 5 9 9 8 15 3 6 13 2 3 7 2 7 2 9 12 11 2 4 5 5 13 3 6 20 6 8 5 12 19 12 5 2 12 9 4 18 35 3 1 20 3 13 4 10 0 5 7 5 4 6 7 3 10 10 5 14 2 13 4 12 14 8 1 1 17 4 5 7 4 11 1 3 6 7 0 1 6 5 5 7 20 1 12 9 28 7 5 12 7 6 2 2 7 12 6 3 0 7 5 9 27 15 0 2 0
1 5 1 3 1 7 9 9 21 2 7 8 8 8 6 12 11 3 0 0 0 9 10 2 10 11 0 2 0 1 13 20 7 2 0 1 11 0 1 18 9 2 7 7 4 0 0 0 2 1 12 1 1 3 12 2 1 18 2 1 4 0 1 5 3 1 20 0 7 12 8 9 18 14 0 2 1 1 2 10 10 3 13 8 8 3 1 8 17 11 6 2 3 6 2 8 5 12 5 2 11 7 2 5 5 10 0 1 4 4 8 7 3 1 3 15
2 0 4 1 4 4 6 0 13 6 11 5 11 16 10 3 1 13 8 1 4 14 11 11 8 8 2 3 11 6 6 13 14 7 6 15 19 17 16 3 4 0 3 1 1 4 11 6 1 2 4 6 3 5 26 3 4 3 2 3 10 5 11 2 3 0 19 0 8 5 12 9 15 4 0 8 0 1 6 5 8 2 3 7 2 0 10 6 9 22 10 7 2 5 22 5 0 25 8 7 2 2 3 6 7 4 6 0 0 1 6 6 8 0 4 11
4 3 3 3 2 4 5 2 4 3 6 2 1 4 4 4 3 6 2 2 10 3 3 2 3 3 2 2 4 3 5 2 4 3 6 3 2 3 3 3 2 4 3 5 2 2 2 9 3 2 7 1 3 48 31 2 3 51 2 3 3 4 4 3 3 3 4 2 10 6 2 3 2 3 2 2 2 12 2 3 4 2 5 5 7 2 3 2 5 2 4 3 3 4 3 4 2 2 3 2 2 4 1 3 2 1 1 3 5 1 52 47 8 2 1 22
10 9 3 13 18 14 19 17 22 12 10 19 12 11 6 15 3 9 5 2 7 10 11 12 8 3 5 7 11 10 20 28 17 6 11 5 21 13 11 28 7 6 12 10 17 3 7 10 14 11 10 5 33 18 12 9 26 43 16 14 13 14 21 14 10 16 25 4 16 17 8 9 9 13 5 7 1 3 11 7 6 4 4 5 6 6 8 13 22 31 12 6 6 11 16 12 2 20 2 10 11 13 9 5 10 11 15 1 21 4 37 36 15 11 8 32
5 1 1 0 0 3 1 2 14 0 8 3 8 15 5 4 4 14 1 5 4 0 4 3 4 2 3 1 4 7 8 17 11 1 0 2 2 2 0 7 1 5 1 10 1 0 0 1 1 3 9 5 8 6 1 0 0 8 5 2 1 2 1 7 5 2 9 0 7 5 9 7 4 5 1 11 2 3 3 2 4 3 5 3 3 1 0 7 16 18 2 5 2 11 1 4 3 8 2 4 3 13 2 1 3 22 1 0 0 1 9 3 26 0 1 4
8 7 6 11 13 10 9 13 9 6 17 9 6 13 8 19 12 36 6 10 6 9 7 9 8 6 6 7 7 8 9 6 11 2 11 32 12 4 32 6 9 9 9 12 6 7 12 40 5 6 9 12 23 29 17 9 5 47 12 7 4 5 6 7 7 11 11 5 26 10 15 19 7 9 8 30 1 2 6 5 9 8 9 8 10 11 12 7 14 10 12 5 9 20 1 28 29 8 11 8 12 15 12 4 9 10 3 5 6 6 42 36 31 1 24 28
3 4 6 5 6 2 3 5 4 5 3 10 15 5 3 18 2 15 2 4 3 2 6 2 6 2 2 1 7 1 4 6 4 0 13 3 3 5 4 5 5 2 4 4 1 8 8 6 2 5 16 18 10 49 11 5 8 33 6 3 5 1 2 7 4 4 7 6 12 4 6 1 2 5 4 16 1 3 3 1 3 1 2 2 2 1 16 3 6 14 4 6 9 2 3 3 3 8 4 2 3 5 4 1 1 3 3 2 6 4 45 24 9 2 12 21
4 2 6 1 4 22 10 9 3 2 8 6 14 17 4 1 3 8 0 2 3 22 5 12 4 3 4 1 3 2 1 0 4 2 23 2 3 2 2 2 1 3 3 6 1 8 8 24 6 7 3 3 4 0 1 1 5 20 2 2 1 1 2 3 3 5 2 2 5 3 7 5 3 1 1 3 1 2 0 11 3 4 4 3 1 0 3 0 2 2 4 2 13 5 3 3 1 1 1 3 7 7 1 0 0 3 4 0 0 0 19 31 11 2 17 1
12 9 8 18 13 17 25 21 30 22 8 14 18 17 5 16 6 14 8 18 8 18 5 15 6 11 15 14 19 9 15 29 18 1 13 10 16 9 5 29 29 7 10 10 11 6 11 24 12 11 3 8 29 12 9 10 20 16 12 19 11 15 14 10 14 25 21 3 8 20 25 42 10 5 7 5 5 8 8 5 10 6 9 3 15 5 19 8 23 18 13 8 4 12 6 14 4 22 18 9 9 13 10 3 13 25 28 2 9 9 22 35 28 12 5 33
0 1 1 0 1 0 0 0 3 1 0 2 0 2 0 0 1 3 0 0 1 3 1 0 2 0 2 0 0 0 0 2 9 0 1 1 0 0 0 0 0 1 1 0 1 0 0 0 0 0 1 0 1 0 3 0 1 12 0 1 0 0 0 0 0 0 4 0 3 2 0 0 1 6 0 1 0 0 0 3 0 0 1 2 1 1 0 2 2 5 3 0 0 1 0 0 0 0 0 1 0 3 0 0 0 2 0 0 0 0 2 3 7 0 0 3
3 3 10 8 12 14 12 20 15 9 11 14 24 21 16 11 9 2 2 9 7 3 3 5 14 9 16 12 9 1 2 18 4 4 9 2 14 17 9 12 12 3 2 25 14 5 6 31 6 2 15 7 10 8 38 1 2 10 2 3 6 5 9 6 6 5 10 8 17 5 18 17 10 7 6 0 1 0 1 4 2 1 6 14 12 9 2 2 5 9 2 2 1 1 2 3 1 4 6 4 3 7 5 1 5 12 0 1 5 8 48 5 29 3 4 12
4 3 3 5 8 7 5 5 3 4 5 5 5 7 4 2 3 7 2 3 4 2 5 2 2 5 9 2 7 8 14 13 5 3 6 13 3 2 8 6 4 4 5 5 3 2 4 4 1 3 7 10 36 38 8 6 33 46 5 2 9 1 5 6 5 4 10 3 2 1 6 3 3 2 2 9 8 5 3 4 1 2 6 5 14 4 13 14 11 17 6 1 3 16 2 11 12 10 10 3 7 6 11 2 3 23 2 0 5 10 35 25 7 10 10 37
1 1 2 2 3 1 2 2 2 1 2 1 1 6 2 2 2 4 2 2 1 1 2 1 1 1 2 1 2 1 2 2 2 2 2 1 4 2 2 3 2 2 2 2 2 1 1 2 2 1 1 1 0 52 0 1 2 28 0 0 0 0 0 1 1 0 2 0 0 0 0 2 1 1 1 2 0 3 1 0 1 0 1 1 3 1 1 0 1 1 2 0 0 1 0 0 5 5 3 1 4 1 1 0 0 1 0 0 1 0 17 0 1 0 2 12
4 2 3 6 5 6 5 10 12 16 6 14 15 8 5 11 5 7 2 1 11 1 2 1 3 4 4 1 6 4 7 8 4 3 9 3 6 3 2 14 9 5 2 0 11 0 2 1 0 0 4 3 18 14 7 1 4 30 6 4 10 3 18 9 10 4 10 2 7 9 9 5 6 8 5 8 2 1 2 1 5 0 4 8 21 1 7 10 19 14 5 4 5 16 2 11 6 8 6 5 3 4 6 0 7 7 0 0 1 4 30 15 8 2 19 26
0 0 0 0 1 0 1 1 0 0 1 1 0 0 0 7 0 3 0 2 0 0 1 0 0 0 0 0 0 1 1 1 0 0 0 1 0 2 0 0 0 0 0 0 0 0 1 0 0 0 2 1 0 4 0 0 0 0 1 2 3 0 3 3 1 0 2 1 14 1 4 0 0 8 0 1 1 6 3 2 2 2 1 0 1 2 0 2 4 2 1 0 0 2 2 5 1 1 0 0 0 3 1 0 0 3 3 0 0 0 7 12 1 1 3 12
7 1 4 5 4 7 5 1 12 6 5 7 6 0 7 10 6 22 1 1 2 5 15 6 7 0 3 4 9 7 11 12 10 1 14 18 4 4 11 3 9 2 4 2 5 0 10 0 2 2 8 3 17 9 21 7 10 42 11 1 12 7 9 7 6 4 11 4 3 12 18 11 7 7 3 17 3 1 7 2 3 1 9 7 3 6 13 11 13 22 18 8 12 17 6 14 12 5 10 5 13 10 4 3 3 12 1 1 3 5 19 32 32 10 10 8
2 1 8 2 8 3 3 4 9 4 8 5 6 11 2 4 3 12 2 3 1 5 8 4 9 5 7 4 4 1 1 10 5 3 2 3 3 3 2 7 6 2 2 6 1 3 3 10 1 2 12 3 51 37 20 2 1 11 2 4 5 2 3 2 2 3 5 1 10 5 5 4 3 3 3 4 1 2 2 3 3 2 12 10 20 2 2 14 11 9 4 2 2 4 2 1 2 3 4 2 4 3 2 2 5 6 2 1 2 5 50 18 4 3 2 24
7 19 13 10 19 16 11 7 26 11 13 24 31 29 8 15 13 23 4 2 9 21 20 27 27 28 31 18 19 27 16 25 25 9 18 17 13 9 12 18 14 12 13 11 4 7 7 25 19 17 15 8 29 27 22 7 21 26 12 7 23 6 17 8 9 6 20 9 16 13 21 27 12 13 6 11 5 12 10 19 7 15 25 32 17 21 26 30 14 21 15 15 9 11 12 11 9 20 15 13 6 9 2 5 10 19 11 6 12 2 33 27 16 4 14 28
3 6 11 1 9 2 3 5 5 0 8 17 5 2 1 12 1 11 1 2 0 1 0 0 0 0 0 0 20 4 4 10 7 0 5 8 3 3 0 2 4 2 2 1 0 0 1 7 0 0 6 2 3 4 5 2 3 6 5 1 5 1 7 3 3 0 9 0 7 4 7 0 0 10 2 7 1 4 0 0 1 0 0 0 1 0 11 2 5 8 1 0 0 10 0 2 4 4 13 4 1 1 0 0 3 1 0 0 0 2 9 12 4 0 5 2
1 2 1 5 7 4 14 3 5 8 7 9 3 1 4 7 2 14 2 4 4 0 2 2 8 1 9 2 1 9 16 17 3 1 2 2 10 4 5 6 4 11 10 6 2 5 6 16 2 0 3 10 20 18 18 7 4 13 3 3 1 2 2 8 17 4 7 0 9 5 3 6 4 2 2 8 2 8 1 2 5 2 5 3 6 5 5 9 18 16 4 4 0 9 1 4 2 16 5 7 5 6 3 3 9 9 5 0 14 17 11 31 5 4 17 8
3 8 2 8 8 6 4 8 6 9 2 15 13 3 4 22 3 27 2 11 8 17 13 16 10 3 12 6 10 3 4 5 10 1 10 3 4 6 2 12 6 3 11 11 4 1 0 4 1 5 6 1 1 1 4 0 1 5 1 3 7 2 3 1 1 3 15 7 13 8 4 0 0 6 1 8 3 5 5 10 6 5 13 13 13 7 3 1 1 4 4 3 6 5 0 8 0 17 10 2 3 5 0 1 3 3 0 0 9 2 20 11 0 0 3 11
1 1 1 1 1 2 8 1 1 1 4 4 2 0 2 2 1 8 1 0 2 1 5 4 7 2 5 2 1 3 6 9 5 1 1 1 2 1 1 1 2 2 1 8 3 2 0 5 1 2 2 3 10 1 0 1 1 46 3 2 2 3 2 9 4 4 15 1 3 2 2 3 7 1 1 5 6 8 6 3 3 1 7 6 15 13 1 1 1 1 6 2 1 8 2 3 6 2 1 3 2 4 3 1 2 12 5 3 3 3 48 9 15 3 10 4
2 4 4 4 2 4 2 2 4 1 2 1 0 11 7 1 15 18 1 2 0 4 6 3 4 2 4 1 4 3 1 2 8 0 15 5 1 2 0 5 3 2 2 19 1 5 4 4 2 3 4 1 17 11 7 1 3 26 4 2 3 1 4 4 4 4 9 1 1 2 3 4 5 3 3 5 2 8 7 4 2 2 4 3 4 3 3 2 7 6 1 0 13 2 4 1 3 3 3 4 3 5 3 0 1 6 3 0 0 28 42 34 7 1 6 8
3 3 3 1 17 4 7 8 10 1 37 19 15 30 6 10 4 2 3 0 4 7 8 7 5 1 6 5 4 6 3 11 25 4 7 3 8 4 6 3 9 2 0 0 4 5 3 29 1 8 6 3 3 3 7 1 5 3 8 1 5 2 3 8 8 6 4 1 35 11 15 21 5 5 2 2 0 0 2 1 2 1 7 4 3 2 3 6 6 6 0 3 1 2 7 3 2 4 4 1 2 8 3 1 0 2 4 2 4 6 13 28 3 2 1 3
2 10 3 8 2 3 2 0 13 6 4 5 6 8 9 4 2 8 1 1 4 2 12 6 8 2 1 3 7 6 4 12 7 10 17 3 17 14 2 22 6 2 1 5 6 2 6 5 2 2 4 1 5 22 6 2 6 35 4 4 3 6 1 3 4 1 8 5 2 2 6 9 9 1 5 11 0 1 2 2 9 2 5 2 5 1 5 15 12 13 8 12 3 9 10 2 2 9 3 2 2 4 1 0 5 4 6 1 6 7 33 33 8 2 4 8
10 6 9 11 17 9 21 6 29 14 8 12 17 7 14 15 15 19 4 7 3 12 16 13 19 14 15 12 22 26 27 28 16 5 7 11 27 18 4 24 11 6 4 12 6 8 17 11 6 15 7 4 20 11 7 10 23 21 11 2 15 2 10 16 13 10 30 17 11 6 11 12 16 2 3 17 3 7 7 13 11 10 13 17 13 12 15 13 23 30 12 7 2 8 18 11 10 17 10 9 7 15 16 7 15 21 0 2 12 8 24 25 26 5 9 25
1 2 7 2 2 1 2 0 3 2 7 1 1 19 3 1 3 4 4 2 2 2 6 4 3 2 3 3 2 3 3 3 1 0 7 5 2 1 3 4 1 0 1 19 1 1 2 10 2 2 1 0 3 16 9 1 8 35 3 1 11 2 6 3 4 4 5 2 8 1 3 11 3 1 3 2 1 1 1 2 3 0 2 7 9 1 4 1 4 5 3 0 2 8 2 7 4 6 3 0 1 0 1 1 2 6 1 3 0 1 19 37 6 2 1 26
4 5 2 6 4 4 6 3 9 2 2 4 13 9 4 11 3 27 2 4 9 2 17 1 6 3 3 2 8 6 7 11 7 17 10 8 8 9 7 15 10 3 7 6 5 3 10 11 2 2 16 3 30 15 12 0 9 26 6 1 2 6 6 5 8 8 7 3 5 3 12 1 7 8 4 7 1 4 5 3 20 3 3 1 7 5 7 3 8 6 4 24 2 3 6 2 1 8 9 4 4 4 1 5 13 5 3 5 7 1 36 26 29 3 5 19
5 8 9 6 8 6 8 4 20 13 4 11 6 10 9 11 16 15 5 2 6 10 11 10 6 9 5 3 12 10 18 30 26 5 11 5 15 12 8 14 16 29 8 21 4 1 4 12 2 2 9 4 24 23 3 12 13 17 1 11 3 7 3 13 9 6 22 2 12 9 18 11 14 11 3 16 8 8 3 9 9 7 10 6 18 1 6 6 13 20 14 12 3 1 15 8 4 10 20 8 2 15 1 2 2 19 3 6 10 7 13 5 27 12 1 29
17 3 5 8 6 11 6 2 5 17 7 12 4 5 10 10 1 11 2 6 5 5 5 8 7 7 12 3 8 9 29 16 7 3 4 4 3 5 4 17 6 4 3 9 5 2 4 36 3 2 14 3 10 9 36 9 5 29 10 5 11 7 22 4 4 5 12 9 7 9 9 8 3 11 6 10 2 2 5 4 9 4 5 5 8 3 6 15 32 21 9 10 2 4 3 5 2 22 5 7 4 7 2 4 3 4 7 2 16 3 31 26 10 13 4 24
0 0 1 1 3 5 0 1 2 1 3 4 2 1 3 2 1 4 1 0 2 1 10 6 10 0 1 0 1 2 3 2 1 0 5 0 4 1 1 2 2 1 0 2 1 0 2 0 1 0 8 3 5 9 5 1 11 18 2 0 6 2 2 14 4 2 3 1 13 2 3 4 3 2 3 8 3 8 2 5 4 2 16 11 12 2 2 2 4 2 4 1 2 5 2 0 3 3 3 6 3 14 2 1 1 8 7 0 5 7 32 35 9 7 4 5
3 3 2 4 0 3 2 2 4 5 2 4 1 1 3 4 5 1 2 1 3 2 2 2 2 2 0 1 1 2 3 4 5 3 1 3 2 0 3 3 1 1 2 1 1 1 1 9 2 1 8 0 31 17 1 0 0 45 1 2 1 3 1 3 2 3 1 1 0 1 0 3 2 2 3 1 0 0 0 2 2 0 3 2 0 1 1 1 1 3 2 1 0 1 1 2 2 3 2 3 2 0 0 0 0 3 7 0 2 0 19 5 0 0 3 34
3 19 14 19 37 16 11 18 16 5 9 28 6 11 8 9 9 21 5 1 9 13 10 16 15 4 11 8 16 4 5 12 32 4 14 12 11 16 12 26 13 4 19 11 2 7 19 11 5 9 13 9 31 15 3 7 14 23 8 21 15 17 34 23 5 6 23 1 4 30 8 10 8 14 7 16 5 6 9 10 5 7 11 20 14 9 21 21 10 23 19 10 14 7 10 9 13 23 16 2 10 10 11 6 12 5 6 5 14 10 35 11 3 7 4 11
5 1 11 4 9 4 3 8 9 6 4 28 1 7 3 2 11 9 5 1 4 4 5 4 7 2 3 2 9 5 4 13 25 4 9 9 2 7 2 3 5 0 3 31 5 0 7 4 3 6 3 3 3 29 2 1 6 23 4 2 2 2 6 2 2 3 7 6 4 5 5 4 3 3 1 13 3 1 2 3 2 2 6 5 4 7 6 4 3 9 14 1 7 13 4 3 3 1 5 5 3 25 3 1 1 4 2 2 6 1 27 15 7 5 24 31
14 10 4 21 12 24 6 5 16 12 9 10 11 7 7 14 9 21 5 8 13 20 12 7 17 9 12 4 23 14 21 11 6 7 1 8 7 7 4 13 8 17 4 15 13 3 2 8 9 5 4 1 26 12 16 5 35 4 6 2 6 3 7 1 2 3 9 1 8 4 6 7 7 5 4 35 5 7 10 20 3 4 2 4 6 5 10 3 29 6 20 3 1 8 1 10 3 10 9 10 7 10 2 5 7 7 2 1 2 18 30 9 3 11 24 9
5 3 3 8 4 7 4 5 11 3 3 8 9 6 4 5 3 24 1 2 5 0 0 4 6 2 4 4 12 2 6 24 15 5 13 14 4 12 21 8 10 10 6 4 5 4 7 6 2 2 22 7 13 5 17 2 0 25 7 4 1 6 7 5 3 3 11 2 3 3 4 2 3 2 4 4 0 0 2 1 2 2 7 8 4 7 15 8 9 13 10 4 13 20 6 14 17 10 10 3 9 9 3 7 17 4 0 2 11 8 27 18 1 0 13 28
5 6 12 7 15 12 11 14 23 13 13 10 10 10 9 2 13 14 6 5 5 9 11 8 6 3 4 2 4 10 14 25 15 3 11 3 13 6 1 20 20 16 3 24 10 3 8 33 2 4 2 3 12 6 21 1 12 33 1 5 5 7 10 5 6 7 17 2 10 3 3 4 3 2 6 5 1 8 3 4 4 2 10 3 3 8 10 5 4 20 5 2 5 11 6 3 1 6 15 10 5 4 2 2 4 11 11 0 5 12 41 10 20 0 3 6
0 0 0 0 0 1 1 0 1 0 1 1 1 0 0 2 0 4 0 0 3 0 3 2 0 0 0 0 13 0 0 0 0 1 12 1 0 2 2 1 0 0 0 2 0 0 2 5 0 0 0 0 2 1 2 0 0 4 5 0 2 0 0 2 0 0 1 0 0 1 4 1 0 1 0 5 0 1 1 1 0 0 6 5 0 3 20 4 2 0 1 0 2 5 0 1 6 0 0 0 0 0 0 0 2 1 1 0 1 1 10 7 1 0 1 1
0 0 0 0 0 1 0 0 0 0 0 0 1 1 0 0 0 0 0 0 1 0 0 0 1 0 0 0 0 0 0 2 1 0 0 0 0 2 0 0 0 0 0 0 1 0 0 1 0 0 2 0 0 0 2 0 0 0 0 0 1 0 6 4 2 5 2 0 0 2 5 6 0 0 0 0 0 0 0 0 0 0 0 1 1 0 0 1 3 3 0 0 0 0 2 2 0 0 0 0 0 0 0 0 0 0 0 0 1 2 1 1 2 1 5 1
0 3 2 3 9 1 0 0 1 5 1 1 2 10 1 3 4 0 0 1 0 3 3 2 0 3 3 2 0 3 3 1 2 4 2 1 3 3 3 0 0 0 1 0 1 0 0 8 1 0 1 0 10 24 2 0 0 20 1 1 0 1 0 0 0 0 0 1 2 0 1 1 0 1 1 0 0 2 1 1 1 0 2 1 1 1 1 1 1 2 1 1 0 1 1 1 1 1 1 1 1 1 0 0 0 0 3 0 0 4 31 1 0 0 1 0
1 0 1 0 0 1 1 0 1 4 0 1 4 10 0 1 0 1 0 0 3 0 1 0 1 0 1 0 1 2 1 3 0 1 2 2 1 1 1 4 0 0 0 18 1 0 1 2 0 0 4 1 0 4 11 0 2 5 2 0 0 1 0 3 2 0 1 1 27 0 2 3 2 0 1 5 0 3 0 0 0 0 1 1 3 1 1 2 2 3 0 0 2 3 2 1 0 1 0 4 3 13 1 1 0 7 1 1 1 2 10 13 2 2 1 4
1 2 0 0 6 2 1 4 7 4 11 6 4 10 4 2 1 1 3 1 9 5 8 14 3 2 2 1 1 5 3 11 6 2 2 4 3 3 0 2 4 1 0 8 2 0 8 13 1 0 5 2 0 8 5 2 5 28 2 0 5 0 3 8 0 1 6 0 5 5 6 2 1 1 1 4 0 0 0 2 1 0 6 12 9 9 0 1 3 2 5 1 0 3 0 4 0 1 0 1 0 5 0 1 4 0 0 0 1 1 8 2 2 0 5 7
7 9 12 13 16 22 18 18 17 5 12 12 8 11 7 6 11 23 10 5 18 16 8 7 7 5 7 5 21 8 13 22 11 8 22 14 20 24 10 25 19 11 3 24 10 6 13 32 5 5 18 7 15 12 44 5 14 26 13 6 4 14 23 12 14 8 19 10 23 17 10 18 8 5 9 8 20 11 10 10 10 5 9 9 14 6 17 13 13 14 13 10 10 17 27 21 6 22 19 10 12 21 3 10 14 7 18 5 17 10 45 25 39 15 25 41
3 2 6 2 3 6 2 5 4 3 5 2 4 6 4 3 2 15 3 5 4 4 4 3 3 4 7 3 9 3 5 19 5 3 5 6 4 8 9 5 3 3 3 6 3 1 2 36 3 4 2 7 46 9 10 4 2 44 3 1 11 1 6 17 2 1 4 2 5 4 3 5 4 1 1 15 0 5 7 2 1 1 4 5 4 2 5 5 11 5 5 1 2 6 8 1 18 4 1 4 1 2 2 1 0 5 4 2 2 12 44 8 3 3 4 8
