0.911694
0.756672
0.863568
0.90015
0.942279
0.93973
0.863118
0.891604
0.975412
0.925937
0.849325
0.878111
0.882609
0.811544
0.941379
0.831784
0.882459
0.878411
0.892204
0.829085
0.814393
0.755172
0.938531
0.956222
0.822489
0.855322
0.996102
0.770915
0.76027
0.821289
0.847826
0.793703
0.883508
0.894303
0.9003
0.85952
0.734483
0.825937
0.890855
0.867766
0.892054
0.835232
0.807946
0.832084
0.97931
0.883358
0.837181
0.978861
0.791304
0.844678
0.96072
0.870465
0.905847
0.867766
0.845127
0.845127
0.90015
0.906897
0.796252
0.827436
0.973613
0.822639
0.816942
0.878111
0.867016
0.86087
0.838531
0.908846
0.8003
0.907046
0.958021
0.821589
0.915442
0.889955
0.871664
0.906747
0.785907
0.845427
0.801949
0.796252
0.936282
0.830585
0.868966
0.841529
0.895652
0.76072
0.807346
0.853073
0.869265
0.946177
0.876462
0.84093
0.841829
0.802699
0.854423
0.923388
0.794903
0.783208
0.768816
0.912144
0.707646
0.968516
0.896402
0.931334
0.765967
0.94048
0.918591
0.836282
0.934333
0.902249
0.817841
0.807196
0.972714
0.858621
0.837031
0.709895
0.854273
0.949475
0.798501
0.866867
0.907196
0.970615
0.944978
0.872114
0.888756
0.810645
0.863418
0.897151
0.885607
0.902849
0.782459
0.921589
0.788306
0.88036
0.911094
0.761319
0.983358
0.841829
0.85982
0.96027
0.87946
0.969865
0.861469
0.898501
0.729085
0.934633
0.885457
0.8991
0.927436
0.91994
0.891304
0.890855
0.776012
0.922939
0.862969
0.824438
0.845727
0.929085
0.947826
0.778711
0.893103
0.841979
0.878861
0.848576
0.972564
0.987706
0.965667
0.957871
0.93958
0.752924
0.903148
