1.6368
-36.7679
-8.60401
-4.97905
1.32618
1.43825
-6.72644
-4.28722
1.41206
1.45192
-8.9315
1.30982
1.48773
-10.1106
1.32606
-12.2525
-7.47226
1.45205
-6.14628
-16.0262
-10.7298
-39.0534
1.3291
1.44758
-10.893
-16.6653
1.9285
-19.6017
-16.1882
-12.731
-9.43099
-14.3535
-8.43596
1.18039
1.29212
-11.6557
-18.3854
-8.9331
1.18503
-2.97025
1.35651
1.3687
-9.79115
-7.78682
1.17573
-5.07168
-7.36313
1.72684
-15.7404
-3.48604
1.65754
1.25933
-3.32294
1.53584
-14.5965
-11.302
1.47867
1.39191
-13.7101
-11.5568
1.93915
-7.74309
-10.1677
1.42386
1.19385
1.10016
-10.4114
1.17671
-7.99791
1.46993
1.87822
-14.7466
-2.91464
1.80401
1.20749
-5.91953
-12.8975
1.23277
-15.4179
-9.71513
1.4404
-12.2188
-9.93932
-5.72182
1.40562
-24.153
-11.9089
-6.76505
1.25574
1.3031
-6.04362
-8.27931
-13.3822
-14.9232
1.16055
1.42726
-10.3601
-31.1467
-23.5597
1.10836
-39.1891
1.65585
1.66667
-3.24989
-14.0639
1.40607
1
-7.32006
1.67738
-5.19104
-8.57822
-14.4517
1.43924
1.37956
-16.1574
-30.1545
1.29062
1.6469
1.25864
-8.42845
-7.33261
1.34671
1.69163
-5.5423
1.33263
-26.8482
1.1501
1.7678
1.50826
-3.36539
-12.7897
1.16715
-11.729
-5.92054
1.84066
-30.3768
1.95026
1.41509
-9.57429
1.85153
1.33388
1.49432
1.18397
-3.76228
-29.4361
1.49903
1.536
1.46229
-3.18337
1.15853
1.90122
1.08704
-24.0807
1.49752
-9.98363
-11.244
-13.2612
1.29785
1.50571
-9.61031
-7.42323
-8.75034
1.51421
-5.51126
1.71039
1.98882
1.67988
1.46022
1.38952
-19.8037
-3.86232
