-904.329
-1121.99
-736.13
-222.718
-290.254
-125.775
-827.269
-6624.47
-245.643
-954.721
-293.199
-502.847
-484.08
-730.678
-150.052
-1396.07
-657.615
-675.95
-350.01
-545.514
-906.456
-3599.53
-194.27
-385.957
-1930.22
-442.999
-10.5935
-773.573
-747.891
-406.159
-1255.45
-433.802
-252.987
-739.963
-466.717
-13113.1
-631.129
-852.354
-253.416
-449.73
-457.225
-536.402
-568.865
-1485.31
-27.3371
-527.516
-498.286
-302.583
-1323.62
-579.388
-248.038
-460.137
-230.65
-524.721
-396.28
-491.584
-296.861
-229.649
-462.159
-446.878
-628.191
-731.157
-424.241
-21036.7
-589.019
-648.416
-343.919
-556.188
-776
-244.975
-72.3471
-1963.16
-174.692
-516.889
-319.686
-445.797
-369.651
-680.792
-3005.94
-453.957
-232.681
-6340.73
-306.286
-696.037
-852.264
-985.258
-17962.2
-364.963
-324.012
-269.667
-315.296
-306.494
-2874.98
-916.471
-585.018
-154.419
-2120.57
-5792.02
-2431.76
-242.483
-1131.59
-161.504
-326.881
-3255.63
-605.703
-509.618
-262.031
-348.167
-1123
-982.029
-697.932
-370.196
-62.494
-382.563
-2280.62
-556.459
-1954.04
-73.5649
-767.801
-621.101
-695.978
-204.103
-206.491
-1308.96
-948.538
-1869.85
-380.251
-1354.98
-535.611
-152.829
-1484.92
-544.246
-332.425
-326.973
-932.369
-1193.15
-90.7341
-605.703
-895.739
-148.249
-621.667
-103.235
-894.19
-197.561
-631.991
-262.07
-430.766
-596.986
-161.46
-355.15
-157.755
-684.221
-541.17
-223.233
-564.239
-686.019
-1434.61
-573.218
-397.403
-586.16
-547.471
-797.805
-550.651
-364.909
-91.0773
-61.4829
-80.594
-189.725
-338.522
-2839.05
-487.711
