0.0874815
0.0856525
0.0871673
0.087259
0.0886303
0.0877036
0.0868313
0.088307
0.0893247
0.0884117
0.0870364
0.0876268
0.0878394
0.0839238
0.0893495
0.0866673
0.0870755
0.0869995
0.0870264
0.0866585
0.0851217
0.0827212
0.0888969
0.0893376
0.0856247
0.0865094
0.0912516
0.0848729
0.0844653
0.0849907
0.0852807
0.0841031
0.087481
0.0871647
0.088492
0.0877247
0.0817759
0.0856096
0.0867086
0.0853338
0.0872536
0.0879658
0.0854364
0.0854085
0.0908144
0.0866779
0.0855721
0.090262
0.0833753
0.0857346
0.0898576
0.0863069
0.0886879
0.0863703
0.0862558
0.0861563
0.0867564
0.0881349
0.0830087
0.083341
0.0898768
0.0860787
0.0856334
0.0861709
0.0874321
0.0863414
0.0867466
0.0884591
0.0857283
0.0874751
0.0893425
0.0835022
0.0881211
0.0869219
0.0866899
0.0888114
0.0798455
0.0871283
0.0853845
0.082972
0.0893382
0.0863388
0.0878417
0.0863376
0.0883998
0.0855469
0.0847637
0.0862981
0.0861905
0.0894359
0.0880668
0.0849111
0.0869648
0.0836487
0.0859703
0.0883776
0.0847297
0.0863543
0.0848283
0.0875031
0.0809787
0.0902629
0.085662
0.0889021
0.082602
0.0890093
0.0881003
0.0837159
0.0885838
0.0868186
0.0853637
0.086135
0.0905762
0.0886353
0.087065
0.0784174
0.0837305
0.0894117
0.085383
0.0862585
0.0878017
0.0900614
0.088845
0.08707
0.0880216
0.0845507
0.0888241
0.0888431
0.088014
0.0886402
0.0840245
0.0885236
0.0844215
0.0871246
0.0875035
0.0833784
0.0902156
0.0880076
0.086224
0.0895634
0.0875599
0.0897222
0.0861233
0.0880976
0.0839905
0.088896
0.0872228
0.0886414
0.0886302
0.088481
0.0861512
0.0877247
0.0830666
0.0877919
0.085484
0.0860111
0.0838791
0.0886067
0.0887979
0.083327
0.0859593
0.084822
0.0869408
0.0861678
0.0904364
0.0905692
0.0894068
0.0889451
0.08868
0.0826543
0.0872365
