0.146657
0.134783
0.117516
0.152046
0.290026
0.0408216
0.17731
0.0900354
0.161308
0.0878653
0.106863
0.227175
0.197996
0.154304
0.101622
0.123471
0.197276
0.158736
0.146769
0.18609
0.0259634
0.145294
0.110991
0.412651
0.129222
0.239986
0.594854
0.527599
0.138868
-0.143071
0.131594
-0.0188166
0.160012
0.114668
0.143144
0.123844
0.12048
0.199041
0.160186
0.233825
0.355198
0.123175
0.184762
0.143575
0.561067
0.104586
0.182327
0.150366
0.185193
0.340654
0.41249
0.326113
0.153132
0.147352
0.147158
0.236564
0.0876704
0.245582
0.124308
0.160057
0.117096
0.0646996
0.114388
0.166105
-0.203156
0.110729
0.110974
0.164331
0.0601845
0.014854
0.183164
0.187023
1.03262
0.145473
0.125849
0.159376
0.205986
0.139976
0.1757
0.103331
0.0733902
0.135758
0.127859
0.157257
0.186687
0.137188
0.175309
0.140433
0.195784
0.204061
0.198972
0.158614
0.188394
0.122582
0.182003
0.11371
0.176393
0.091128
0.148383
0.16215
0.122515
0.42448
0.263749
-0.242609
0.115477
0.165383
0.139969
0.122245
0.199522
0.0858608
0.166601
0.134726
8.80048
0.176349
0.11868
0.170365
0.192626
0.172341
0.185161
0.280051
0.111795
0.152912
0.010597
0.0740069
0.0855504
0.141258
0.138163
0.174165
0.171197
0.1639
0.193264
0.256314
0.146137
0.131886
0.220651
0.167516
0.469803
0.165444
0.165306
0.147295
0.0580699
0.181208
0.141167
0.0546079
0.127793
0.118803
0.148507
0.163987
0.144743
0.200064
0.121367
0.110112
0.186518
0.0720767
0.179002
0.109103
0.210702
0.0719949
0.108371
0.161163
0.187619
0.346939
0.155208
0.151967
0.49262
0.470681
1.15836
0.136678
-1.22586
0.107353
0.17205
