0.116034
0.233244
0.139445
0.0999379
0.10956
0.0803305
0.149607
0.115232
0.0580378
0.0938722
0.185653
0.153941
0.160065
0.158818
0.0753832
0.168283
0.152411
0.139394
0.122617
0.205804
0.141415
0.204656
0.0985549
0.0878935
0.155062
0.159243
0.0487749
0.218612
0.198609
0.197901
0.135051
0.190255
0.112155
0.135534
0.132133
0.177472
0.264106
0.154497
0.107771
0.147168
0.110669
0.204942
0.144196
0.141732
0.039304
0.137751
0.174409
0.0804197
0.21719
0.139755
0.101311
0.162766
0.106152
0.165725
0.152333
0.167728
0.120441
0.149231
0.16893
0.159483
0.0570039
0.184962
0.168393
0.0986254
0.166665
0.157882
0.141353
0.122289
0.207475
0.129295
0.0535856
0.164071
0.0922211
0.130574
0.109762
0.1362
0.197416
0.160953
0.201749
0.189796
0.0994225
0.141173
0.189972
0.182411
0.136352
0.220873
0.206851
0.149658
0.17012
0.108327
0.163246
0.129454
0.162158
0.191753
0.173374
0.0788076
0.195554
0.225569
0.216495
0.104963
0.271117
0.0900752
0.10148
0.0754729
0.20446
0.091638
0.0823196
0.152429
0.125178
0.091664
0.197874
0.189395
0.0789077
0.164218
0.185361
0.261508
0.175539
0.0583536
0.219264
0.180893
0.095154
0.0614618
0.0784473
0.129473
0.154214
0.187585
0.179872
0.170468
0.176628
0.079736
0.217992
0.122009
0.180316
0.125917
0.110472
0.219302
0.0708706
0.178946
0.155426
0.052236
0.127895
0.0602911
0.18221
0.091393
0.301314
0.105884
0.134184
0.132111
0.0859836
0.097192
0.11827
0.135583
0.23447
0.093075
0.130672
0.216979
0.149635
0.0960687
0.0400768
0.244475
0.132268
0.154597
0.173763
0.163705
0.0840204
0.0558383
0.0547639
0.0768771
0.0980289
0.240619
0.102493
