0.119281
0.285104
0.14561
0.10335
0.110384
0.0805135
0.155872
0.119313
0.058044
0.0950331
0.199122
0.161623
0.167217
0.177207
0.0787648
0.182231
0.162238
0.146894
0.126397
0.228724
0.155429
0.245167
0.102018
0.0873726
0.16895
0.169174
0.0487832
0.264448
0.240533
0.210551
0.139878
0.214513
0.108839
0.139429
0.135149
0.183668
0.32938
0.166953
0.107034
0.156031
0.116245
0.21547
0.16218
0.151637
0.0385196
0.145127
0.188618
0.0807113
0.230016
0.150148
0.102022
0.167599
0.107282
0.178133
0.16341
0.179975
0.123088
0.153354
0.189547
0.174003
0.0587619
0.197952
0.179619
0.102421
0.176914
0.166462
0.150774
0.123863
0.233455
0.133098
0.052173
0.172761
0.0937845
0.129185
0.110692
0.139262
0.211756
0.172511
0.2333
0.207834
0.101457
0.157214
0.199616
0.197118
0.137482
0.26355
0.232844
0.156721
0.181144
0.109248
0.171861
0.13857
0.173506
0.211282
0.185686
0.0810454
0.227703
0.258711
0.250333
0.107004
0.354352
0.0903295
0.108029
0.0758023
0.231792
0.0920352
0.0841477
0.157593
0.126982
0.0931009
0.203686
0.202306
0.0793671
0.166268
0.195538
0.326471
0.184273
0.0552317
0.248043
0.190014
0.0996399
0.061796
0.0812864
0.141785
0.159699
0.209331
0.191937
0.176718
0.183688
0.0709713
0.255668
0.124941
0.194783
0.132479
0.117096
0.26456
0.0710161
0.192755
0.163022
0.0522724
0.138433
0.061361
0.187044
0.094728
0.381235
0.11007
0.135963
0.140405
0.0881211
0.101112
0.125974
0.143392
0.270316
0.0921379
0.137528
0.245364
0.157022
0.0959369
0.0387287
0.285153
0.134152
0.176142
0.180264
0.175184
0.0852746
0.0551212
0.0549415
0.0766085
0.0991
0.278859
0.102227
