0.0163977
0.0206311
0.0223612
0.0193423
0.0122176
0.0219015
0.0172355
0.0224355
0.0177904
0.0187433
0.020013
0.0137195
0.0147479
0.0197026
0.0213893
0.0199769
0.0164438
0.0164023
0.0179903
0.0145112
0.0219752
0.0193285
0.0178266
0.00366593
0.0181265
0.0117921
0.00112707
0.0206673
0.0176497
0.0170908
0.0216096
0.0212045
0.0191319
0.0203517
0.0193555
0.0182711
0.017824
0.0151227
0.0188123
0.0125194
0.00516978
0.0196034
0.0163872
0.0178075
0.00199374
0.0204457
0.0168002
0.0193075
0.0176602
0.00678214
0.00351469
0.0181607
0.0175399
0.0165818
0.020111
0.0121262
0.0154666
0.0140423
0.019051
0.0177497
0.0182475
0.0197894
0.0214288
0.0203964
0.0202734
0.0159026
0.0197842
0.0157066
0.0187354
0.0178634
0.0177766
0.0175268
0.0198296
0.0186256
0.0199828
0.0204503
0.0151917
0.0161866
0.0169744
0.0227268
0.0196066
0.0187347
0.0219285
0.0182165
0.0154028
0.0197243
0.0163997
0.0224631
0.0182777
0.0146026
0.017073
0.0194409
0.0160216
0.0219311
0.0150938
0.01951
0.0166049
0.0208271
0.0164615
0.0182935
0.0207225
0.00315566
0.014452
0.0182126
0.020835
0.0156645
0.0175169
0.0200577
0.0172341
0.0181929
0.0170467
0.0179779
0.00674728
0.0172052
0.0217779
0.0164674
0.0156442
0.0157303
0.0184309
0.011679
0.0182869
0.0197684
0.012839
0.0192016
0.0178832
0.0165069
0.0191897
0.0182922
0.0187498
0.0172381
0.0153778
0.0151569
0.0170546
0.0181265
0.0134531
0.0176695
0.00268944
0.0171513
0.0171079
0.0157428
0.0162129
0.016163
0.0163208
0.02062
0.0207021
0.0157809
0.0186071
0.015873
0.0180923
0.0149254
0.017778
0.0182823
0.014381
0.0207127
0.017365
0.0156632
0.0133453
0.0223954
0.0221396
0.0194252
0.0146045
0.0120926
0.0174518
0.018548
0.00250138
0.00242708
0.0201215
0.019072
0.0223165
0.0196763
0.0175228
