-28035.3
-28347.9
-6057.89
-4940.41
-7153.63
-1047.65
-21171.8
-365727
-3397.8
-34712.2
-1600.99
-8173.39
-10464.8
-9201.79
-1506.16
-24403.9
-9121.3
-8362.03
-3256.09
-15581.3
-17850.3
-131197
-4256.37
-6082.97
-74865.6
-4465.48
-272.093
-6423.04
-7385.28
-5115.42
-52524.2
-5496.36
-1804.39
-11723.1
-5699.6
-663187
-9855.53
-17299.3
-2875.69
-11631.5
-6552.89
-6254.33
-10453.8
-26889.2
-318.229
-18328.8
-4169.22
-11314.7
-60012
-6521.08
-4977.4
-4917.01
-3606.5
-7665.2
-2866.7
-11423.4
-3290.65
-3173.11
-5409.16
-5357.77
-30898.1
-9433.32
-5852.55
-1.20251e+06
-12632.8
-14265.4
-3833.74
-10765.5
-10993.6
-4673.57
-555.26
-81534.5
-1847.45
-12449.9
-2976.4
-10834.5
-2476.49
-10467.1
-110593
-5883.77
-7124.28
-334914
-4749.13
-7388.36
-10717.9
-20682.6
-774561
-6507.34
-2969.35
-4802.34
-3171.32
-3855.56
-142433
-14661.5
-5422.12
-1352.11
-41967.4
-173118
-107469
-1529.65
-22576.6
-4291.66
-5195.83
-135904
-9562.68
-9545.71
-3095.62
-3479.68
-49092.5
-31800.6
-14295.6
-2565.56
-1211.44
-4539.35
-106181
-6879.49
-92359.6
-842.566
-18128.8
-18200.9
-13372.1
-4853.08
-2329.85
-50210.3
-22327.6
-76275.8
-3326.69
-53832.7
-9532.41
-1511.96
-38088.4
-21390.1
-2262.17
-6984.29
-15599.6
-45146.4
-1463.24
-18982.1
-26571.2
-2874.17
-12665.2
-2079.07
-21814.6
-1348.96
-7371.21
-3264.41
-10666.3
-13706.1
-1775.97
-7111.61
-781.083
-16791.3
-3727.29
-3425.17
-11904.3
-11792.1
-28381.6
-12134.6
-11451.7
-4899.5
-12961.9
-19608.9
-8361.7
-2889.78
-874.519
-1601.39
-1091.42
-6625.72
-6948.21
-44986.7
-16590.1
