1024.89
648.627
885.626
1336.18
1220.53
1399.61
982.887
1129.64
1602.62
1128.53
870.664
968.923
963.848
751.496
1214.84
756.454
974.278
926.073
954.735
723.858
760.99
656.587
1350.22
1223.34
836.352
853.735
1968.53
703.774
611.043
831.764
907.89
759.361
988.813
929.446
971.172
813.068
693.555
906.787
1179.86
954.749
929.997
814.472
776.34
795.637
1978.58
947.847
773.875
1376.33
857.186
938.814
1247.49
917.051
1206.15
836.366
838.283
793.394
1030.55
1054.57
812.281
804.907
1561.39
856.687
762.805
1166.92
990.678
815.52
862.169
1056.65
765.755
1014.16
1525.51
926.417
1209.9
1084.43
987.08
1087.67
849.483
892.791
763.1
738.625
1267.4
796.1
909.39
843.978
970.27
695.509
807.147
946.13
1013.66
1188.39
1034.75
901.256
907.407
758.937
895.913
1369.14
802.456
693.747
700.254
1123.87
616.021
1305.63
1076.16
1276.77
752.569
1122.18
1138.93
902.619
1070.51
1054.76
810.767
756.362
1660.84
835.61
852.424
557.2
899.571
1628.15
816.234
1074.48
1150.11
1550.62
1184.36
873.282
911.452
748.385
912.874
1036.35
943.958
1391.22
738.037
1283.73
931.81
1009.97
1077.75
623.375
1483.18
938.226
1068.87
1523.88
939.139
1428.2
940.15
1212.7
680.008
1134.14
928.596
888.892
1120.72
1073.24
1069.19
1022.07
683.965
1141.68
900.107
874.586
766.693
1201.57
1683.12
744.487
1078.81
869.549
934.485
856.87
1543.69
1477.93
1508.35
1334.73
1143.9
703.402
1152.21
