-0.198987
-0.755987
-0.135243
-0.334869
-0.015692
-0.0341534
-0.410469
-0.276267
-0.0278166
-0.0314322
-0.0485531
-0.0675993
-0.142204
-0.087866
-0.0214021
-0.119881
-0.20352
-0.558683
0
-0.65332
-0.366658
-0.621212
-0.150351
0
-0.0810404
-0.758031
0
-0.992336
-0.459216
-1.48505
-0.248401
-0.350925
-0.166605
-0.314599
-0.104113
-0.429823
-0.251293
-0.116441
-0.833672
-0.724317
0
-0.242894
-0.316024
-0.59439
0
-0.355613
-0.952345
0
-1.27538
-0.309799
0
-0.0948658
-0.111871
-0.663259
-0.176901
-0.884578
-0.0827563
-0.165542
-0.270218
-0.702651
-0.0268087
-0.469905
-0.087928
-0.0537981
-0.130123
-0.552887
-0.387234
-0.27592
-0.19833
0
-0.0811757
-0.905746
-0.124981
-0.148925
-0.115433
-0.00395075
-0.1175
-0.517901
-1.43791
-0.0406249
-0.346464
-0.155931
0
-0.0374982
-0.0848536
-0.642709
-0.742441
-0.106699
-0.198577
-0.210003
-0.340065
-0.0629157
-0.320342
-0.175216
-0.522464
-0.218595
-1.43784
-0.265034
-0.142767
-0.330817
-0.996364
0
-0.0655782
-0.146079
-0.555311
-0.0882285
-0.174252
-0.238367
-0.0827976
-0.482427
-0.823793
-0.672132
-0.158622
-0.108973
-0.29569
-1.23827
-0.0977735
-0.173872
-0.608375
-0.482121
-0.24379
-0.0179793
-0.110896
-0.143483
-0.0743382
-0.512545
-0.301906
-0.0707233
-0.000588343
-0.536519
-0.749958
-0.0343663
-1.64023
-0.545981
-0.231461
-0.920734
0
-0.334936
-0.433744
-0.0364068
-0.529636
-0.107368
-0.50863
-0.265263
-0.271769
-0.0296617
-0.00404272
-0.176685
-0.124193
-0.159217
-0.153893
-0.198506
-0.928851
-0.179269
-0.524275
-0.207465
-1.50044
-0.043231
-0.0223767
-0.639004
-0.275398
-0.719938
-0.318431
-0.403058
0
0
-0.0850343
-0.117928
0
-0.839232
-0.226183
