2018.16
1346.96
1812.89
2614.9
2405.47
2803.95
1932.27
2227.87
3141.65
2245.47
1721.9
1951.43
1895.93
1501.19
2483.5
1539.25
1955.56
1867.58
1961.11
1483.79
1505.05
1292.22
2655.07
2437.94
1634.54
1685.97
3867.83
1428.87
1217.95
1705.64
1802.34
1530.31
1963.65
1849.94
1912.8
1621.36
1367.12
1803.06
2341.21
1895.59
1862.12
1634.11
1600.46
1620.09
3904.39
1852.11
1588.13
2746.84
1679.86
1857.41
2446.75
1846.46
2362.15
1636.37
1672.95
1608.96
2019.42
2086.77
1611.09
1590.52
3078.32
1695.12
1531.72
2315.63
1967.16
1635.45
1708.69
2072.31
1494.82
2004.17
3028.15
1819.91
2394.03
2153.28
1958.67
2168.7
1668.33
1771.64
1505.69
1485.46
2495.19
1582.44
1784.09
1702.78
1914.69
1371.66
1582.38
1869.35
2022.64
2361.57
2028.4
1789.47
1776.03
1524.74
1777.8
2708.9
1584.63
1359.92
1371.29
2229.84
1208.01
2563.54
2133.81
2520.52
1465.29
2304.53
2268.72
1772.01
2133.76
2101.3
1603.11
1494.98
3279.3
1689.91
1701.77
1102.07
1769.41
3208.06
1607.41
2113.94
2282.86
3057.08
2352.18
1790.69
1815.27
1461.52
1820.82
2048.83
1850.1
2751.43
1472.01
2514.22
1858.28
2020.98
2164.14
1255.93
2911.09
1889.94
2112.52
3028.06
1854.09
2841.46
1836.96
2384.74
1325.44
2244.46
1835.81
1769.33
2224.98
2129.24
2128.21
2013.27
1375.13
2264.01
1845.13
1709.71
1555.1
2372.15
3302.55
1459.23
2117.84
1704.09
1849
1701.9
3049.74
2942.7
2977.81
2637.1
2236.6
1427.63
2252.05
