22.4988
20.5744
25.2919
31.4331
19.9377
34.2764
22.634
28.4165
34.5358
27.9783
20.8323
21.0926
22.4073
17.3353
27.9279
21.5606
24.368
20.8044
21.4525
14.2495
21.2725
16.9304
30.7404
28.3814
19.1246
18.0678
39.5269
20.5449
15.8945
23.3494
22.3508
20.8024
21.9639
23.6988
22.4332
22.0092
17.5543
21.3366
28.6136
19.7953
20.6979
20.941
19.2025
21.0308
41.3657
23.6254
20.5502
31.4655
21.9095
25.0133
29.6465
23.6424
25.3396
19.665
19.5404
17.0059
21.4965
19.432
19.4512
17.6261
33.5983
22.7834
20.7086
28.1933
25.0997
20.6438
22.2731
22.1757
19.0172
24.1672
32.091
21.6933
30.1916
27.4378
25.7387
25.2747
15.9123
21.0345
18.0665
21.9122
31.3292
21.316
22.6028
22.5291
21.0726
17.7804
17.6022
24.2394
25.4119
25.3178
22.5588
19.4991
20.4221
23.7659
21.8342
31.6478
21.2482
19.4699
15.5219
25.2728
16.3705
25.8168
19.6982
28.1783
20.9274
26.3199
26.2454
23.6369
24.9833
25.2035
17.7502
17.4254
37.1842
19.561
22.1529
13.1506
19.316
34.3448
20.6059
17.8648
27.7508
33.3362
26.8773
24.0933
20.1135
16.3787
23.5464
23.8626
22.0524
32.1965
16.2901
24.8392
24.975
25.827
25.1554
15.7241
33.4528
25.2249
25.9204
33.9681
21.8517
32.0009
23.9504
29.6814
19.2498
24.3216
24.5517
20.9504
26.2124
23.7682
28.6059
22.9838
15.464
28.1069
26.1136
19.2445
16.3933
31.2854
37.1538
17.5468
24.0257
15.7656
21.472
21.7867
30.2796
29.6548
34.5475
30.6964
24.9364
21.8614
25.1109
