59.3165
-73.6477
32.2223
27.4396
82.4949
74.5257
18.9355
15.0352
103.335
71.1048
0.775716
35.0657
42.4453
-10.071
78.0502
15.3284
32.3053
29.2044
54.3414
-24.0524
-5.35464
-69.5205
67.7947
87.1773
-18.0293
15.6546
114.502
-104.392
-61.1878
-24.3726
-7.71579
-42.2501
36.8326
47.1518
59.3312
19.8533
-147.682
-38.3167
28.699
12.4934
53.6298
4.32639
-54.6792
-5.69472
95.9745
37.4266
2.352
106.454
-61.671
2.4415
96.6712
23.4833
31.4632
20.8929
4.20476
-8.43517
50.1356
56.6097
-56.1062
-13.0199
101.255
-47.0127
-11.9505
7.80056
19.1466
26.5215
-1.52006
59.6817
-24.1795
55.0148
88.2346
-30.9883
44.2935
45.9994
19.5051
54.3809
-48.1265
11.7324
-46.5048
-23.4759
54.2628
5.64117
26.1132
8.00694
48.7083
-78.8379
-40.9244
0.552282
3.41091
86.1824
25.5027
-12.7451
-7.64275
-36.3586
10.2304
49.3234
-62.9854
-43.0998
-64.6116
67.8537
-119.653
96.3665
45.8769
62.5142
-75.2094
81.6891
66.6647
-7.1394
82.6467
46.378
-19.1279
-20.1397
84.7291
27.4495
-14.8778
-113.133
25.9611
66.1468
-30.8009
11.7369
48.7829
97.3931
85.2442
29.7766
39.5341
-17.2056
29.777
43.4443
42.0911
-7.42978
-73.7467
57.8591
-96.8905
17.9253
58.5915
-59.2936
108.525
-22.7553
-13.5683
82.1251
38.8856
100.091
15.4156
24.2666
-116.777
78.846
43.0129
50.5577
64.3608
56.4726
32.1889
45.4532
-57.6288
67.3527
15.5589
-16.1372
11.3566
64.3263
82.1656
-77.7137
54.4099
-7.36239
31.6346
3.6424
99.1235
110.652
94.2501
84.6878
84.5729
-95.3735
27.0966
