2034.34
1285.65
1747.62
2622.26
2398.7
2866.85
1875.22
2156.64
3156.41
2214.65
1725.27
1938.66
1897.53
1454.09
2389.78
1569.43
1894.82
1850.25
1879.62
1571.22
1430.93
1282.99
2675.12
2442.15
1647.64
1749.16
3898.04
1408.15
1282.09
1615.88
1753.92
1456.75
1989.57
1826.79
1930.49
1662.8
1406.36
1822.08
2314.27
1940.98
1782.82
1666.23
1636.18
1579.25
3820.96
1812.07
1561.47
2724.18
1682.14
1773.51
2448.88
1853.09
2401.38
1713.1
1703.88
1612.45
2066.3
2131.36
1606.86
1647.9
3133.87
1778.88
1468.76
2221.28
1913.4
1664.48
1651.74
1995.9
1520.89
1990.81
2991.26
1836.36
2375.6
2085.49
1994.3
2162.53
1621.3
1712.03
1506.39
1472.12
2477.07
1499.46
1779.99
1587.64
1926.94
1318.64
1582.05
1886.78
1921.56
2373.26
2021.84
1812.61
1775.3
1499.62
1757.07
2653.07
1534.42
1363.31
1420.18
2220.53
1207.85
2537.82
2200.76
2416.71
1398.89
2295.56
2148.84
1770.78
2134.65
2061.1
1642.47
1532.75
3305.47
1643.62
1744.76
1160.46
1714.46
3109.95
1583.52
2131.44
2297.37
2937.87
2335.39
1799.1
1830.16
1489.02
1781.03
2066.89
1839.59
2749.76
1485.97
2524.11
1813.62
2043.4
2135
1311.6
2884.92
1940.55
2135.9
2991.18
1831.82
2745.18
1867.59
2242.11
1344.49
2285.7
1805.72
1824.7
2123.97
2134.91
2164.33
1942.51
1457.17
2254.19
1808.89
1677.65
1590.87
2235.82
3284.97
1553.13
2059.86
1765.04
1810.09
1735.81
2979.95
2884.92
2858.95
2638.7
2168.86
1414.07
2271.44
