-60.4462
-222.01
-94.4935
-93.5016
-35.7698
-42.7996
-108.123
-111.685
-13.2371
-48.6615
-125.212
-87.9468
-79.4505
-143.676
-42
-108.44
-93.3643
-94.8588
-69.5351
-145.344
-141.235
-209.028
-50.6674
-30.599
-145.26
-105.217
-1.54881
-248.103
-188.492
-162.273
-138.106
-183.753
-84.0784
-75.4914
-60.6876
-102.347
-284.327
-165.349
-94.2076
-109.101
-70.6865
-119.796
-182.612
-136.819
-21.3266
-87.0209
-126.973
-10.1773
-193.765
-129.248
-20.5315
-99.8565
-88.4963
-98.9148
-119.706
-135.817
-69.0683
-62.3777
-189.207
-136.011
-15.2076
-168.729
-147.303
-120.559
-107.478
-95.9801
-132.73
-62.8728
-151.647
-66.0967
-29.0333
-157.791
-77.0235
-77.0514
-101.904
-66.2425
-184.501
-117.429
-179.086
-155.346
-66.0698
-128.267
-97.9244
-126.931
-72.1648
-226.097
-171.957
-123.687
-127.878
-31.5872
-97.7552
-137.877
-134.188
-170.495
-116.289
-72.0401
-202.975
-176.585
-193.195
-51.7266
-265.422
-21.0295
-72.722
-59.3014
-222.166
-36.7599
-55.7572
-133.75
-35.7273
-76.1289
-144.534
-145.912
-32.5202
-99.6018
-138.864
-247.096
-101.19
-54.0452
-163.531
-111.133
-71.2622
-20.3943
-33.0317
-93.0991
-82.1795
-144.099
-95.7821
-77.3105
-80.4852
-130.403
-207.383
-61.4463
-236.842
-104.253
-61.8348
-187.467
-7.95121
-145.92
-137.462
-36.0687
-84.5216
-17.4011
-107.032
-104.205
-255.972
-38.9191
-80.4883
-68.7267
-57.9427
-63.6531
-87.6396
-78.8748
-181.366
-52.2064
-111.083
-146.814
-112.05
-58.5806
-35.655
-200.255
-67.9826
-129.366
-93.6259
-119.814
-18.1792
-5.75053
-23.8861
-33.1174
-34.6882
-236.299
-94.1152
